#Wave		#Intensity
3550.429688	19618.392578
3549.198242	19406.478516
3547.965820	19553.089844
3546.733398	19394.123047
3545.500977	19565.107422
3544.268555	19670.867188
3543.035156	19625.955078
3541.801758	19668.566406
3540.568359	19489.386719
3539.333984	19645.917969
3538.099609	19613.244141
3536.865234	19523.648438
3535.630859	19645.505859
3534.395508	19627.072266
3533.160156	19460.310547
3531.924805	19555.687500
3530.689453	19659.144531
3529.453125	19378.757813
3528.216797	19541.082031
3526.980469	19573.425781
3525.743164	19648.371094
3524.505859	19719.224609
3523.268555	19751.501953
3522.031250	19585.015625
3520.792969	19734.906250
3519.555664	19659.712891
3518.316406	19898.697266
3517.078125	19831.601563
3515.838867	19910.396484
3514.599609	19993.207031
3513.360352	20013.203125
3512.121094	20016.992188
3510.880859	19715.130859
3509.640625	19749.333984
3508.399414	19815.890625
3507.159180	19868.257813
3505.917969	19920.599609
3504.676758	19942.587891
3503.434570	20104.048828
3502.192383	20087.582031
3500.951172	20125.679688
3499.708008	20084.966797
3498.465820	20064.470703
3497.222656	20205.525391
3495.979492	20102.230469
3494.735352	20323.951172
3493.492188	20184.345703
3492.248047	20095.240234
3491.003906	20113.078125
3489.758789	20352.746094
3488.514648	20215.263672
3487.268555	20174.597656
3486.023438	20426.181641
3484.778320	20296.824219
3483.532227	20471.716797
3482.286133	20396.783203
3481.039063	20068.156250
3479.792969	20238.951172
3478.545898	20208.390625
3477.297852	20364.988281
3476.050781	20537.611328
3474.802734	20378.265625
3473.554688	20383.890625
3472.306641	20821.789063
3471.057617	20441.359375
3469.808594	20585.630859
3468.559570	20482.695313
3467.310547	20817.730469
3466.060547	20805.164063
3464.810547	20499.433594
3463.559570	20607.388672
3462.309570	20398.171875
3461.058594	20459.943359
3459.807617	20810.583984
3458.556641	20880.255859
3457.304688	20633.050781
3456.052734	20586.443359
3454.800781	20547.871094
3453.547852	20663.625000
3452.294922	20911.562500
3451.041992	20644.578125
3449.789063	20662.093750
3448.535156	20897.849609
3447.281250	20701.099609
3446.027344	20910.720703
3444.772461	20517.953125
3443.518555	20985.585938
3442.263672	20852.984375
3441.007813	20706.439453
3439.752930	20823.853516
3438.497070	20823.285156
3437.241211	20968.593750
3435.984375	20786.181641
3434.727539	20965.386719
3433.470703	20731.126953
3432.213867	20924.236328
3430.956055	21205.089844
3429.699219	21098.650391
3428.440430	21008.216797
3427.182617	21027.537109
3425.923828	21006.958984
3424.665039	21056.175781
3423.406250	21143.244141
3422.146484	21136.597656
3420.886719	21094.083984
3419.626953	21165.142578
3418.367188	21036.992188
3417.106445	21245.427734
3415.845703	21214.863281
3414.584961	21072.845703
3413.323242	21074.167969
3412.061523	21009.832031
3410.799805	21128.521484
3409.538086	21217.326172
3408.275391	21057.558594
3407.012695	21112.542969
3405.750000	21064.156250
3404.486328	20954.193359
3403.222656	20884.007813
3401.958984	20952.875000
3400.695313	20991.923828
3399.430664	20937.650391
3398.166016	21042.177734
3396.901367	21041.488281
3395.635742	20953.505859
3394.370117	21377.283203
3393.104492	21166.318359
3391.838867	20846.402344
3390.572266	21331.359375
3389.305664	20870.847656
3388.039063	21008.867188
3386.771484	21101.263672
3385.503906	21001.523438
3384.236328	21111.695313
3382.968750	21253.488281
3381.700195	21272.515625
3380.431641	21188.646484
3379.163086	21296.691406
3377.893555	21276.134766
3376.624023	20937.246094
3375.354492	21072.943359
3374.083984	21222.412109
3372.814453	21239.423828
3371.543945	21185.306641
3370.272461	21273.417969
3369.001953	21254.855469
3367.730469	21481.099609
3366.458008	21273.015625
3365.186523	21086.730469
3363.914063	21003.113281
3362.641602	21300.208984
3361.369141	21323.062500
3360.095703	21164.523438
3358.822266	21406.185547
3357.548828	21395.494141
3356.274414	21481.345703
3355.000000	21391.843750
3353.725586	21430.388672
3352.451172	21433.472656
3351.175781	21227.896484
3349.900391	21351.068359
3348.625000	21395.480469
3347.348633	21557.900391
3346.072266	21633.707031
3344.795898	21691.783203
3343.519531	21482.478516
3342.242188	21532.695313
3340.964844	21588.783203
3339.687500	21638.949219
3338.409180	21482.863281
3337.130859	21322.919922
3335.852539	21432.000000
3334.573242	21625.425781
3333.294922	21646.080078
3332.014648	21794.244141
3330.735352	21444.138672
3329.455078	21698.169922
3328.174805	21556.056641
3326.894531	21723.697266
3325.613281	21507.169922
3324.333008	21480.781250
3323.050781	21603.267578
3321.769531	21921.531250
3320.487305	21928.343750
3319.205078	21637.617188
3317.922852	21924.337891
3316.639648	21940.921875
3315.356445	21787.310547
3314.073242	21962.322266
3312.789063	21879.160156
3311.505859	22194.812500
3310.220703	21742.257813
3308.936523	22034.347656
3307.651367	22255.976563
3306.366211	22102.519531
3305.081055	21699.199219
3303.794922	21973.455078
3302.508789	22077.785156
3301.222656	22187.919922
3299.936523	22169.248047
3298.649414	22181.787109
3297.362305	22432.212891
3296.074219	22095.720703
3294.787109	22139.447266
3293.499023	22216.277344
3292.209961	22127.474609
3290.921875	22284.125000
3289.632813	22485.490234
3288.343750	22295.441406
3287.053711	22200.851563
3285.763672	22516.904297
3284.473633	22509.851563
3283.183594	22162.408203
3281.892578	22307.117188
3280.601563	22589.796875
3279.310547	22429.166016
3278.018555	22635.894531
3276.726563	22566.636719
3275.434570	22662.515625
3274.142578	22822.435547
3272.849609	22790.064453
3271.556641	22889.701172
3270.262695	22552.638672
3268.969727	22696.906250
3267.675781	22705.318359
3266.380859	22585.728516
3265.086914	22822.949219
3263.791992	22839.074219
3262.497070	22618.748047
3261.201172	22764.726563
3259.905273	22966.810547
3258.609375	23023.548828
3257.313477	22998.935547
3256.016602	22958.843750
3254.719727	22862.642578
3253.422852	22841.943359
3252.125000	22798.039063
3250.827148	22937.886719
3249.529297	23209.154297
3248.230469	22830.750000
3246.931641	22736.625000
3245.632813	22864.755859
3244.333984	22975.437500
3243.034180	23060.958984
3241.734375	22881.896484
3240.434570	22957.742188
3239.133789	23081.802734
3237.833008	23171.070313
3236.532227	23084.738281
3235.230469	23299.328125
3233.928711	23078.017578
3232.626953	23279.009766
3231.325195	23501.109375
3230.022461	23403.226563
3228.719727	23245.662109
3227.416016	23336.632813
3226.112305	23248.474609
3224.808594	23104.523438
3223.504883	23491.871094
3222.200195	23372.941406
3220.895508	23417.593750
3219.590820	23154.470703
3218.286133	23001.078125
3216.980469	23263.025391
3215.673828	23413.369141
3214.368164	23127.417969
3213.061523	23352.646484
3211.754883	23368.400391
3210.448242	23603.066406
3209.140625	23657.148438
3207.833008	23429.042969
3206.525391	23371.832031
3205.216797	23379.876953
3203.908203	23487.660156
3202.599609	23637.578125
3201.290039	23607.203125
3199.980469	23538.503906
3198.670898	23720.878906
3197.360352	23535.306641
3196.050781	23690.775391
3194.740234	23729.353516
3193.428711	23779.396484
3192.117188	23414.041016
3190.805664	23827.736328
3189.494141	23583.070313
3188.181641	23669.435547
3186.869141	23883.888672
3185.556641	23446.263672
3184.243164	23733.300781
3182.929688	23861.583984
3181.616211	23884.720703
3180.302734	23602.214844
3178.988281	23781.994141
3177.673828	23430.904297
3176.358398	23662.173828
3175.042969	23746.386719
3173.727539	23616.865234
3172.412109	23613.296875
3171.095703	23605.914063
3169.779297	23714.837891
3168.462891	23612.119141
3167.145508	23682.869141
3165.828125	23749.775391
3164.510742	23858.552734
3163.192383	23750.173828
3161.874023	23929.343750
3160.555664	24116.041016
3159.236328	23864.937500
3157.917969	23690.052734
3156.597656	23884.277344
3155.278320	23821.669922
3153.958008	23897.884766
3152.637695	23924.640625
3151.316406	24027.398438
3149.996094	23668.402344
3148.674805	23871.843750
3147.352539	23930.855469
3146.031250	23934.773438
3144.708984	23874.146484
3143.385742	24033.691406
3142.063477	23948.400391
3140.740234	24233.042969
3139.416016	23978.953125
3138.092773	23933.542969
3136.768555	24094.769531
3135.444336	24020.919922
3134.119141	24200.994141
3132.793945	24083.580078
3131.468750	24227.566406
3130.143555	23996.595703
3128.817383	24108.349609
3127.491211	23979.703125
3126.164063	24187.898438
3124.836914	24191.701172
3123.509766	24318.423828
3122.182617	24325.968750
3120.854492	24426.132813
3119.526367	24186.076172
3118.198242	24121.841797
3116.869141	24410.869141
3115.540039	24291.841797
3114.210938	24378.666016
3112.880859	24410.705078
3111.550781	24386.111328
3110.220703	24208.701172
3108.889648	24487.855469
3107.559570	24617.892578
3106.227539	24515.960938
3104.896484	24267.048828
3103.564453	24530.839844
3102.232422	24869.867188
3100.899414	24521.205078
3099.566406	24673.632813
3098.233398	24611.353516
3096.900391	24637.570313
3095.566406	24650.597656
3094.232422	24625.988281
3092.897461	24798.890625
3091.563477	24648.257813
3090.228516	24727.062500
3088.892578	24950.562500
3087.556641	24835.695313
3086.220703	24874.939453
3084.884766	24859.691406
3083.547852	24833.179688
3082.210938	24947.484375
3080.874023	24937.853516
3079.536133	25311.041016
3078.198242	25449.535156
3076.860352	25145.302734
3075.521484	25069.988281
3074.182617	25296.548828
3072.843750	24865.101563
3071.504883	25260.250000
3070.165039	25357.328125
3068.824219	25179.021484
3067.484375	25169.330078
3066.143555	25238.271484
3064.802734	25324.021484
3063.460938	25340.492188
3062.119141	25248.443359
3060.777344	25465.048828
3059.435547	25646.019531
3058.092773	25398.789063
3056.750000	25546.041016
3055.406250	25637.164063
3054.062500	25580.656250
3052.718750	25813.666016
3051.375000	25480.781250
3050.030273	25233.925781
3048.685547	25451.914063
3047.339844	25679.126953
3045.995117	25421.197266
3044.649414	25609.136719
3043.302734	25711.212891
3041.956055	25669.695313
3040.609375	25775.429688
3039.262695	25799.126953
3037.915039	25750.160156
3036.567383	26071.830078
3035.219727	25920.406250
3033.871094	26014.773438
3032.522461	25729.433594
3031.173828	26032.185547
3029.824219	25674.421875
3028.474609	25779.906250
3027.124023	25652.921875
3025.774414	26094.808594
3024.423828	25666.740234
3023.072266	25881.734375
3021.721680	25758.550781
3020.370117	25657.708984
3019.017578	26039.642578
3017.666016	26040.867188
3016.313477	26222.099609
3014.959961	26072.992188
3013.607422	26001.859375
3012.253906	26047.587891
3010.899414	26193.408203
3009.545898	26201.990234
3008.191406	26080.849609
3006.835938	26384.027344
3005.481445	25938.751953
3004.125977	26014.041016
3002.770508	26111.509766
3001.414063	26305.175781
3000.057617	26176.763672
2998.701172	26139.060547
2997.343750	26064.382813
2995.986328	26263.410156
2994.628906	26260.832031
2993.270508	26324.789063
2991.912109	26120.779297
2990.553711	26160.718750
2989.194336	26339.154297
2987.834961	26447.335938
2986.475586	26278.556641
2985.115234	26569.410156
2983.754883	26372.998047
2982.394531	26551.156250
2981.034180	26251.556641
2979.672852	26706.230469
2978.310547	26353.273438
2976.949219	26595.757813
2975.586914	26734.941406
2974.223633	26577.482422
2972.861328	26676.083984
2971.498047	26551.849609
2970.134766	26547.322266
2968.770508	26747.066406
2967.406250	26744.328125
2966.041992	26583.398438
2964.676758	26909.873047
2963.311523	27103.812500
2961.946289	26610.205078
2960.580078	26831.683594
2959.213867	26917.097656
2957.847656	27072.265625
2956.480469	26871.105469
2955.113281	27340.142578
2953.746094	27284.011719
2952.377930	27156.337891
2951.009766	27393.802734
2949.641602	27244.150391
2948.272461	27133.072266
2946.903320	27390.529297
2945.534180	27519.562500
2944.164063	27276.560547
2942.793945	27528.291016
2941.423828	27761.583984
2940.052734	27743.908203
2938.681641	27955.062500
2937.309570	27651.837891
2935.938477	27910.480469
2934.566406	28110.457031
2933.193359	28158.542969
2931.821289	27828.125000
2930.447266	27974.957031
2929.074219	28145.474609
2927.700195	28367.062500
2926.326172	28226.871094
2924.952148	28305.884766
2923.577148	28368.425781
2922.202148	28157.138672
2920.826172	28133.910156
2919.451172	28296.783203
2918.074219	28393.910156
2916.698242	28341.455078
2915.321289	28267.146484
2913.944336	28335.039063
2912.567383	28344.583984
2911.189453	28539.943359
2909.810547	28037.632813
2908.432617	28354.964844
2907.053711	28655.755859
2905.674805	28292.093750
2904.294922	28478.115234
2902.915039	28554.896484
2901.535156	28337.009766
2900.155273	28773.794922
2898.774414	28434.160156
2897.392578	28610.820313
2896.011719	28442.175781
2894.629883	28515.203125
2893.248047	28693.521484
2891.865234	28993.398438
2890.482422	28968.208984
2889.099609	28828.703125
2887.715820	28823.517578
2886.332031	29115.802734
2884.948242	28969.099609
2883.563477	28860.537109
2882.178711	28924.212891
2880.792969	28978.794922
2879.408203	28931.894531
2878.022461	29064.322266
2876.635742	29033.716797
2875.249023	28892.691406
2873.862305	29097.417969
2872.475586	28985.392578
2871.087891	28931.304688
2869.700195	29077.990234
2868.311523	29210.136719
2866.923828	29177.716797
2865.534180	29130.851563
2864.145508	29011.734375
2862.755859	29255.750000
2861.366211	29163.744141
2859.975586	29180.107422
2858.584961	29055.666016
2857.194336	29127.984375
2855.802734	29301.296875
2854.411133	29319.402344
2853.019531	29386.185547
2851.626953	29326.732422
2850.234375	29420.509766
2848.841797	29296.201172
2847.448242	29373.720703
2846.054688	28946.898438
2844.661133	29089.281250
2843.266602	28804.945313
2841.872070	28878.896484
2840.476563	29163.330078
2839.082031	28701.085938
2837.686523	28796.580078
2836.290039	28732.003906
2834.893555	28951.470703
2833.497070	28755.691406
2832.099609	28630.076172
2830.703125	28793.712891
2829.304688	28818.992188
2827.907227	28946.589844
2826.508789	28742.060547
2825.109375	28796.035156
2823.710938	28930.712891
2822.311523	28737.091797
2820.911133	29040.267578
2819.511719	28877.185547
2818.111328	28721.347656
2816.709961	28843.320313
2815.308594	28682.187500
2813.907227	29081.703125
2812.505859	28838.222656
2811.103516	28705.841797
2809.701172	28779.332031
2808.297852	28806.265625
2806.894531	28931.564453
2805.491211	29189.134766
2804.087891	29144.421875
2802.683594	29301.710938
2801.278320	29244.476563
2799.874023	28913.921875
2798.468750	29108.650391
2797.062500	29203.281250
2795.657227	29030.074219
2794.250977	29065.773438
2792.843750	29244.203125
2791.437500	29433.244141
2790.029297	29518.746094
2788.622070	29176.267578
2787.213867	29502.439453
2785.805664	29338.345703
2784.396484	29650.058594
2782.988281	29437.908203
2781.578125	29387.917969
2780.168945	29617.476563
2778.758789	29553.222656
2777.347656	29626.021484
2775.937500	29750.375000
2774.526367	29766.166016
2773.114258	29714.373047
2771.703125	29694.601563
2770.290039	29587.748047
2768.877930	29655.082031
2767.464844	29775.673828
2766.051758	30132.416016
2764.637695	30068.162109
2763.224609	29826.417969
2761.809570	30085.265625
2760.395508	29990.896484
2758.980469	30345.357422
2757.564453	30362.691406
2756.149414	30211.580078
2754.733398	30221.841797
2753.316406	30421.708984
2751.900391	30233.480469
2750.483398	30174.640625
2749.065430	30291.136719
2747.647461	30432.355469
2746.229492	30359.341797
2744.811523	30528.781250
2743.392578	30648.597656
2741.972656	30538.435547
2740.553711	30716.535156
2739.133789	30707.164063
2737.712891	30745.511719
2736.292969	30785.603516
2734.872070	30861.000000
2733.450195	30461.308594
2732.028320	30589.708984
2730.606445	30949.269531
2729.184570	30906.306641
2727.761719	30833.369141
2726.338867	31086.765625
2724.915039	30752.837891
2723.491211	31000.833984
2722.067383	31116.517578
2720.642578	30879.734375
2719.217773	30921.396484
2717.792969	31102.167969
2716.367188	31286.367188
2714.941406	30975.830078
2713.514648	31184.601563
2712.088867	31300.017578
2710.661133	31125.140625
2709.234375	31277.435547
2707.806641	31405.039063
2706.378906	31342.746094
2704.950195	31310.355469
2703.521484	31492.306641
2702.091797	31373.826172
2700.663086	31522.302734
2699.233398	31303.804688
2697.802734	31466.257813
2696.372070	31177.691406
2694.941406	31499.718750
2693.509766	31455.050781
2692.078125	31713.722656
2690.646484	31486.720703
2689.214844	31757.515625
2687.781250	31544.625000
2686.348633	31687.402344
2684.915039	31861.625000
2683.481445	31906.207031
2682.047852	31618.216797
2680.613281	31703.076172
2679.178711	31772.146484
2677.743164	31893.646484
2676.307617	32195.177734
2674.872070	32099.746094
2673.435547	31967.658203
2671.999023	31835.630859
2670.561523	32335.994141
2669.125000	32067.722656
2667.686523	31899.097656
2666.249023	31983.642578
2664.810547	31928.542969
2663.372070	32210.169922
2661.932617	31633.533203
2660.493164	32066.791016
2659.053711	32301.093750
2657.613281	32340.078125
2656.172852	32283.208984
2654.731445	32440.626953
2653.291016	32164.320313
2651.848633	32438.335938
2650.407227	32404.115234
2648.964844	32322.919922
2647.521484	32436.619141
2646.079102	32604.179688
2644.635742	32768.171875
2643.191406	32367.076172
2641.747070	32536.253906
2640.302734	32726.197266
2638.858398	32940.363281
2637.413086	32949.480469
2635.967773	32948.171875
2634.521484	33078.789063
2633.075195	32791.093750
2631.627930	32923.414063
2630.181641	33000.156250
2628.733398	32957.203125
2627.286133	33325.152344
2625.837891	33079.339844
2624.389648	33365.625000
2622.940430	33558.210938
2621.491211	33501.300781
2620.041992	33695.484375
2618.591797	33429.093750
2617.141602	33384.359375
2615.690430	33460.761719
2614.240234	33587.285156
2612.788086	33672.238281
2611.336914	33753.683594
2609.884766	33992.378906
2608.431641	33557.011719
2606.979492	33610.777344
2605.525391	33800.957031
2604.072266	34246.597656
2602.618164	33922.074219
2601.164063	33539.031250
2599.708984	33578.910156
2598.253906	33696.390625
2596.798828	33865.546875
2595.342773	34110.476563
2593.886719	34139.816406
2592.430664	33707.300781
2590.973633	34003.761719
2589.516602	34072.710938
2588.058594	34064.136719
2586.600586	34021.128906
2585.142578	33780.210938
2583.683594	34074.542969
2582.224609	34198.417969
2580.764648	34299.871094
2579.304688	34318.738281
2577.844727	34322.125000
2576.383789	34387.367188
2574.923828	34148.476563
2573.461914	34364.878906
2572.000000	34366.519531
2570.538086	34536.398438
2569.076172	34129.496094
2567.613281	34343.953125
2566.150391	34563.449219
2564.686523	34400.371094
2563.222656	34576.867188
2561.758789	34681.277344
2560.293945	34465.160156
2558.829102	34889.925781
2557.363281	34398.082031
2555.897461	34677.085938
2554.431641	34789.882813
2552.964844	34775.957031
2551.498047	34681.613281
2550.031250	35136.453125
2548.563477	34465.691406
2547.095703	35009.265625
2545.626953	34595.281250
2544.158203	34974.472656
2542.689453	35148.445313
2541.219727	34724.480469
2539.750000	34840.359375
2538.280273	35056.902344
2536.809570	34684.480469
2535.337891	35272.941406
2533.867188	34876.757813
2532.395508	34896.925781
2530.922852	35169.433594
2529.451172	35085.523438
2527.978516	35098.792969
2526.504883	35217.687500
2525.031250	35346.738281
2523.557617	34906.941406
2522.083008	35291.375000
2520.608398	35238.179688
2519.133789	35516.824219
2517.658203	35274.753906
2516.182617	35612.773438
2514.706055	35462.613281
2513.229492	35620.214844
2511.752930	35492.214844
2510.275391	35580.058594
2508.797852	35684.839844
2507.319336	35514.457031
2505.840820	35758.410156
2504.362305	35576.207031
2502.882813	35982.917969
2501.403320	35826.191406
2499.923828	35793.347656
2498.443359	35930.082031
2496.962891	36115.902344
2495.481445	35574.574219
2494.000000	35792.578125
2492.518555	35996.914063
2491.036133	36136.789063
2489.553711	36222.417969
2488.071289	36172.585938
2486.587891	36390.140625
2485.103516	36416.414063
2483.620117	36126.398438
2482.135742	36074.937500
2480.650391	36473.160156
2479.165039	36536.554688
2477.679688	36422.503906
2476.194336	36399.722656
2474.708008	36437.742188
2473.220703	36605.738281
2471.733398	36647.054688
2470.246094	36733.910156
2468.758789	37040.027344
2467.270508	36961.445313
2465.782227	37317.925781
2464.292969	37045.445313
2462.803711	37091.625000
2461.313477	37009.722656
2459.823242	37065.984375
2458.333008	37140.738281
2456.841797	37148.105469
2455.350586	37234.574219
2453.859375	37393.355469
2452.367188	37348.488281
2450.875000	37322.144531
2449.381836	37437.050781
2447.888672	37627.542969
2446.395508	37745.664063
2444.901367	37512.574219
2443.407227	37805.347656
2441.912109	37453.125000
2440.417969	37297.503906
2438.921875	37494.429688
2437.425781	37719.773438
2435.929688	37762.148438
2434.433594	37561.308594
2432.936523	37789.808594
2431.439453	37706.398438
2429.941406	37763.796875
2428.443359	37878.128906
2426.944336	37665.773438
2425.446289	37704.707031
2423.946289	38011.484375
2422.447266	37827.699219
2420.947266	37945.195313
2419.446289	37799.992188
2417.945313	37895.687500
2416.444336	38016.410156
2414.942383	38168.828125
2413.440430	38120.625000
2411.938477	38326.394531
2410.435547	38091.093750
2408.932617	38276.718750
2407.429688	38311.996094
2405.925781	38283.828125
2404.420898	38187.257813
2402.916016	38297.585938
2401.411133	38336.144531
2399.906250	38076.226563
2398.400391	38363.179688
2396.893555	38486.664063
2395.387695	38566.769531
2393.880859	38510.246094
2392.373047	38493.714844
2390.865234	38670.300781
2389.357422	38778.554688
2387.848633	39046.480469
2386.339844	38803.582031
2384.830078	38752.054688
2383.320313	38717.175781
2381.810547	38655.714844
2380.299805	38514.519531
2378.789063	39052.875000
2377.278320	38778.769531
2375.766602	39076.007813
2374.254883	38916.570313
2372.742188	38976.285156
2371.229492	39473.992188
2369.715820	38957.933594
2368.203125	39430.507813
2366.688477	39194.902344
2365.174805	39087.042969
2363.660156	39108.484375
2362.144531	39391.660156
2360.628906	39199.355469
2359.113281	39280.351563
2357.596680	39548.355469
2356.080078	39430.617188
2354.563477	39657.078125
2353.045898	39807.328125
2351.528320	39466.359375
2350.009766	39647.984375
2348.491211	39786.539063
2346.971680	39341.726563
2345.452148	39696.691406
2343.932617	39534.535156
2342.413086	39724.148438
2340.891602	39855.882813
2339.371094	39867.078125
2337.849609	40020.148438
2336.328125	40084.070313
2334.805664	40042.417969
2333.283203	40013.972656
2331.760742	40188.257813
2330.237305	39703.367188
2328.712891	39908.933594
2327.189453	40102.863281
2325.665039	40304.921875
2324.139648	40253.386719
2322.614258	40089.972656
2321.088867	40102.671875
2319.562500	40375.230469
2318.036133	40308.914063
2316.509766	40438.253906
2314.982422	40225.679688
2313.455078	40570.203125
2311.926758	40405.332031
2310.398438	40449.101563
2308.869141	40617.621094
2307.339844	40406.898438
2305.810547	40632.765625
2304.280273	40584.546875
2302.750000	40856.167969
2301.218750	40673.457031
2299.688477	40376.089844
2298.156250	40760.621094
2296.624023	40791.054688
2295.091797	41155.617188
2293.559570	40792.914063
2292.026367	41208.031250
2290.492188	40649.089844
2288.958984	40938.027344
2287.423828	41004.335938
2285.889648	41185.082031
2284.354492	41058.355469
2282.818359	41186.683594
2281.283203	40891.691406
2279.746094	40992.214844
2278.209961	40942.414063
2276.672852	40902.437500
2275.134766	41502.402344
2273.596680	41068.968750
2272.058594	40968.605469
2270.519531	41070.558594
2268.980469	41368.152344
2267.441406	41365.601563
2265.901367	41459.214844
2264.361328	41371.894531
2262.820313	41792.898438
2261.279297	42010.093750
2259.737305	41702.875000
2258.195313	41573.246094
2256.653320	41586.894531
2255.110352	41581.003906
2253.567383	41786.566406
2252.024414	41878.191406
2250.480469	42067.308594
2248.935547	41804.484375
2247.390625	41887.898438
2245.845703	42133.707031
2244.300781	41931.152344
2242.754883	42235.265625
2241.208008	42135.042969
2239.661133	42077.058594
2238.114258	42361.417969
2236.566406	42087.679688
2235.018555	42240.539063
2233.470703	42625.128906
2231.921875	42142.457031
2230.373047	42309.753906
2228.823242	42374.910156
2227.273438	42637.597656
2225.722656	42662.148438
2224.171875	42664.027344
2222.621094	42847.132813
2221.069336	42672.621094
2219.517578	42823.273438
2217.964844	42915.636719
2216.412109	42844.683594
2214.859375	42872.343750
2213.305664	43182.722656
2211.751953	42785.468750
2210.197266	43115.078125
2208.642578	43486.484375
2207.086914	43181.445313
2205.531250	43489.707031
2203.975586	43286.445313
2202.418945	43417.113281
2200.862305	43365.519531
2199.305664	43068.949219
2197.748047	43475.117188
2196.189453	43624.914063
2194.630859	43927.640625
2193.072266	43652.148438
2191.512695	43788.894531
2189.953125	43740.488281
2188.393555	43703.367188
2186.833008	44073.218750
2185.272461	44060.140625
2183.710938	44117.808594
2182.149414	44193.121094
2180.586914	44088.421875
2179.024414	44036.785156
2177.461914	44380.250000
2175.898438	44527.648438
2174.334961	44561.003906
2172.770508	44177.097656
2171.206055	44324.421875
2169.641602	44450.816406
2168.076172	44436.031250
2166.509766	44264.152344
2164.944336	44363.203125
2163.377930	44708.945313
2161.810547	44798.210938
2160.243164	45100.414063
2158.675781	44664.398438
2157.107422	44832.023438
2155.538086	44669.921875
2153.969727	44760.660156
2152.400391	44907.324219
2150.830078	44993.148438
2149.259766	45053.351563
2147.689453	45174.242188
2146.118164	44911.628906
2144.546875	45181.027344
2142.974609	45229.921875
2141.402344	45350.625000
