#Wave		#Intensity
3550.429688	18658.664063
3549.198242	18550.669922
3547.965820	18455.037109
3546.733398	18654.775391
3545.500977	18622.283203
3544.268555	18443.218750
3543.035156	18754.775391
3541.801758	18720.242188
3540.568359	18687.755859
3539.333984	18559.675781
3538.099609	18519.099609
3536.865234	18669.666016
3535.630859	18659.572266
3534.395508	18501.113281
3533.160156	18615.005859
3531.924805	18696.341797
3530.689453	18332.828125
3529.453125	18739.093750
3528.216797	18710.712891
3526.980469	18548.373047
3525.743164	18625.568359
3524.505859	18568.818359
3523.268555	18710.882813
3522.031250	18686.582031
3520.792969	18796.115234
3519.555664	18911.679688
3518.316406	18595.492188
3517.078125	19027.152344
3515.838867	18690.814453
3514.599609	18907.566406
3513.360352	18824.519531
3512.121094	18733.410156
3510.880859	18919.644531
3509.640625	19039.013672
3508.399414	19150.236328
3507.159180	19089.468750
3505.917969	19099.507813
3504.676758	18903.300781
3503.434570	18824.425781
3502.192383	18923.437500
3500.951172	19238.613281
3499.708008	19121.326172
3498.465820	18897.039063
3497.222656	19052.482422
3495.979492	19034.230469
3494.735352	19011.947266
3493.492188	19080.484375
3492.248047	19185.304688
3491.003906	18991.539063
3489.758789	19211.281250
3488.514648	19180.908203
3487.268555	19156.593750
3486.023438	19204.843750
3484.778320	19450.537109
3483.532227	19271.052734
3482.286133	19307.154297
3481.039063	19367.402344
3479.792969	19483.992188
3478.545898	19218.097656
3477.297852	19278.318359
3476.050781	19577.929688
3474.802734	19364.480469
3473.554688	19271.785156
3472.306641	19450.558594
3471.057617	19617.191406
3469.808594	19417.980469
3468.559570	19668.933594
3467.310547	19594.339844
3466.060547	19688.484375
3464.810547	19648.052734
3463.559570	19515.287109
3462.309570	19579.275391
3461.058594	19552.931641
3459.807617	19432.306641
3458.556641	19576.494141
3457.304688	19530.109375
3456.052734	19826.582031
3454.800781	19832.273438
3453.547852	19487.255859
3452.294922	19585.181641
3451.041992	19753.171875
3449.789063	19558.593750
3448.535156	20030.859375
3447.281250	19666.144531
3446.027344	19705.871094
3444.772461	19571.494141
3443.518555	19653.232422
3442.263672	19458.917969
3441.007813	19812.593750
3439.752930	19786.259766
3438.497070	19785.917969
3437.241211	19739.615234
3435.984375	19615.410156
3434.727539	19900.738281
3433.470703	19736.607422
3432.213867	20013.792969
3430.956055	19815.771484
3429.699219	20088.822266
3428.440430	19862.931641
3427.182617	19603.226563
3425.923828	19511.162109
3424.665039	19772.066406
3423.406250	19791.638672
3422.146484	19916.833984
3420.886719	19998.132813
3419.626953	19836.343750
3418.367188	19981.357422
3417.106445	20160.156250
3415.845703	19962.597656
3414.584961	19994.023438
3413.323242	19874.195313
3412.061523	20088.662109
3410.799805	20080.251953
3409.538086	19938.599609
3408.275391	20047.527344
3407.012695	19923.832031
3405.750000	19772.365234
3404.486328	19988.544922
3403.222656	20015.910156
3401.958984	19938.000000
3400.695313	19764.812500
3399.430664	19937.121094
3398.166016	20010.113281
3396.901367	19753.677734
3395.635742	19902.062500
3394.370117	20038.476563
3393.104492	20018.171875
3391.838867	20154.496094
3390.572266	20025.156250
3389.305664	20149.523438
3388.039063	19917.214844
3386.771484	19940.525391
3385.503906	20033.136719
3384.236328	19868.318359
3382.968750	20190.517578
3381.700195	20057.396484
3380.431641	20108.339844
3379.163086	20090.023438
3377.893555	20010.404297
3376.624023	19932.794922
3375.354492	20244.654297
3374.083984	20004.958984
3372.814453	19846.382813
3371.543945	19905.179688
3370.272461	20246.384766
3369.001953	20156.964844
3367.730469	19806.992188
3366.458008	20347.330078
3365.186523	20222.421875
3363.914063	20109.404297
3362.641602	20189.734375
3361.369141	20246.359375
3360.095703	19953.996094
3358.822266	20197.900391
3357.548828	20254.480469
3356.274414	19928.808594
3355.000000	20314.373047
3353.725586	20211.365234
3352.451172	20118.246094
3351.175781	20208.232422
3349.900391	20274.560547
3348.625000	20419.560547
3347.348633	20385.484375
3346.072266	20373.052734
3344.795898	20372.421875
3343.519531	20418.970703
3342.242188	20569.660156
3340.964844	20346.941406
3339.687500	20497.576172
3338.409180	20088.382813
3337.130859	20352.892578
3335.852539	20369.919922
3334.573242	20430.119141
3333.294922	20415.720703
3332.014648	20430.753906
3330.735352	20430.087891
3329.455078	20425.498047
3328.174805	20462.078125
3326.894531	20547.642578
3325.613281	20415.644531
3324.333008	20369.910156
3323.050781	20353.574219
3321.769531	20466.492188
3320.487305	20553.906250
3319.205078	20470.980469
3317.922852	20752.091797
3316.639648	20567.412109
3315.356445	20689.925781
3314.073242	20650.058594
3312.789063	20698.193359
3311.505859	20832.316406
3310.220703	20647.816406
3308.936523	21073.017578
3307.651367	20870.960938
3306.366211	20913.121094
3305.081055	20492.494141
3303.794922	20913.435547
3302.508789	20928.226563
3301.222656	20677.634766
3299.936523	20745.140625
3298.649414	20968.644531
3297.362305	20917.103516
3296.074219	20752.509766
3294.787109	21166.863281
3293.499023	21070.484375
3292.209961	20705.298828
3290.921875	21166.121094
3289.632813	21126.273438
3288.343750	21082.546875
3287.053711	21068.037109
3285.763672	20999.041016
3284.473633	21198.560547
3283.183594	20942.833984
3281.892578	21111.154297
3280.601563	21324.115234
3279.310547	21029.650391
3278.018555	21370.787109
3276.726563	21412.560547
3275.434570	21061.939453
3274.142578	21243.585938
3272.849609	21475.626953
3271.556641	21103.871094
3270.262695	21568.714844
3268.969727	21528.882813
3267.675781	21434.751953
3266.380859	21377.509766
3265.086914	21304.779297
3263.791992	21412.357422
3262.497070	21364.843750
3261.201172	21363.849609
3259.905273	21637.927734
3258.609375	21425.767578
3257.313477	21523.501953
3256.016602	21561.179688
3254.719727	21641.417969
3253.422852	21295.927734
3252.125000	21443.892578
3250.827148	21659.476563
3249.529297	21542.378906
3248.230469	21547.123047
3246.931641	21565.392578
3245.632813	21562.394531
3244.333984	21526.554688
3243.034180	21695.457031
3241.734375	21653.804688
3240.434570	21870.859375
3239.133789	21589.851563
3237.833008	21716.125000
3236.532227	21780.601563
3235.230469	21891.337891
3233.928711	21668.423828
3232.626953	21917.935547
3231.325195	21849.306641
3230.022461	21570.664063
3228.719727	21821.947266
3227.416016	22140.525391
3226.112305	21992.945313
3224.808594	22053.353516
3223.504883	21678.734375
3222.200195	21929.691406
3220.895508	22055.478516
3219.590820	21771.511719
3218.286133	22133.800781
3216.980469	21874.935547
3215.673828	21666.160156
3214.368164	21764.947266
3213.061523	22067.337891
3211.754883	21847.130859
3210.448242	21870.906250
3209.140625	21767.957031
3207.833008	22010.554688
3206.525391	22089.921875
3205.216797	21979.310547
3203.908203	21943.554688
3202.599609	22043.968750
3201.290039	22023.548828
3199.980469	21905.376953
3198.670898	22057.466797
3197.360352	22035.132813
3196.050781	22265.652344
3194.740234	22105.392578
3193.428711	22274.517578
3192.117188	22152.607422
3190.805664	22044.148438
3189.494141	21958.697266
3188.181641	21856.066406
3186.869141	22151.259766
3185.556641	21853.607422
3184.243164	21999.562500
3182.929688	22283.042969
3181.616211	22090.644531
3180.302734	22253.626953
3178.988281	22206.458984
3177.673828	22058.119141
3176.358398	22377.513672
3175.042969	22372.328125
3173.727539	22218.322266
3172.412109	22131.146484
3171.095703	22232.812500
3169.779297	22094.189453
3168.462891	22212.966797
3167.145508	22266.890625
3165.828125	22029.273438
3164.510742	22107.972656
3163.192383	22245.671875
3161.874023	22137.689453
3160.555664	22199.169922
3159.236328	22300.583984
3157.917969	22264.958984
3156.597656	22307.335938
3155.278320	22290.738281
3153.958008	22287.455078
3152.637695	22208.132813
3151.316406	22297.988281
3149.996094	22420.097656
3148.674805	22403.480469
3147.352539	22534.998047
3146.031250	22448.105469
3144.708984	22002.484375
3143.385742	22623.628906
3142.063477	22318.572266
3140.740234	22558.070313
3139.416016	22332.818359
3138.092773	22390.177734
3136.768555	22629.482422
3135.444336	22084.085938
3134.119141	22418.082031
3132.793945	22475.357422
3131.468750	22244.744141
3130.143555	22171.384766
3128.817383	22342.246094
3127.491211	22395.691406
3126.164063	22468.029297
3124.836914	22576.271484
3123.509766	22451.849609
3122.182617	22777.470703
3120.854492	22513.173828
3119.526367	22936.896484
3118.198242	22608.441406
3116.869141	22722.150391
3115.540039	22616.738281
3114.210938	22888.984375
3112.880859	22881.732422
3111.550781	22646.134766
3110.220703	22644.597656
3108.889648	22809.054688
3107.559570	22901.769531
3106.227539	22792.699219
3104.896484	22881.597656
3103.564453	23015.681641
3102.232422	22838.828125
3100.899414	22816.511719
3099.566406	22980.640625
3098.233398	22924.406250
3096.900391	22789.140625
3095.566406	22939.980469
3094.232422	22917.654297
3092.897461	23075.910156
3091.563477	23057.318359
3090.228516	22987.970703
3088.892578	22991.960938
3087.556641	22960.240234
3086.220703	23375.679688
3084.884766	23159.802734
3083.547852	23131.812500
3082.210938	23058.775391
3080.874023	23241.042969
3079.536133	23154.873047
3078.198242	23218.832031
3076.860352	23348.404297
3075.521484	23320.396484
3074.182617	23142.414063
3072.843750	23496.828125
3071.504883	23157.726563
3070.165039	23332.113281
3068.824219	23435.240234
3067.484375	23472.775391
3066.143555	23484.078125
3064.802734	23459.814453
3063.460938	23506.664063
3062.119141	23502.978516
3060.777344	23523.607422
3059.435547	23624.630859
3058.092773	23809.728516
3056.750000	23628.406250
3055.406250	23688.216797
3054.062500	23882.501953
3052.718750	23673.267578
3051.375000	23479.066406
3050.030273	23408.167969
3048.685547	23551.931641
3047.339844	23831.841797
3045.995117	23654.566406
3044.649414	24008.916016
3043.302734	23962.201172
3041.956055	23982.617188
3040.609375	23861.376953
3039.262695	24073.720703
3037.915039	24023.298828
3036.567383	23714.023438
3035.219727	23941.138672
3033.871094	23827.484375
3032.522461	23898.128906
3031.173828	23791.978516
3029.824219	24002.107422
3028.474609	24087.529297
3027.124023	23815.921875
3025.774414	24098.382813
3024.423828	23875.216797
3023.072266	24038.613281
3021.721680	24205.644531
3020.370117	24019.744141
3019.017578	24251.679688
3017.666016	24043.578125
3016.313477	24117.650391
3014.959961	23952.345703
3013.607422	24224.873047
3012.253906	24050.345703
3010.899414	24109.503906
3009.545898	24328.037109
3008.191406	24099.861328
3006.835938	24227.505859
3005.481445	23999.458984
3004.125977	24352.980469
3002.770508	24089.830078
3001.414063	24239.556641
3000.057617	24028.367188
2998.701172	24163.230469
2997.343750	24039.083984
2995.986328	24133.195313
2994.628906	24114.488281
2993.270508	23907.263672
2991.912109	23932.960938
2990.553711	24233.902344
2989.194336	24361.085938
2987.834961	24371.876953
2986.475586	24203.593750
2985.115234	24205.183594
2983.754883	24269.505859
2982.394531	24106.892578
2981.034180	24233.908203
2979.672852	24449.365234
2978.310547	24231.517578
2976.949219	24614.576172
2975.586914	24658.423828
2974.223633	24433.306641
2972.861328	24572.937500
2971.498047	24797.193359
2970.134766	24546.423828
2968.770508	24470.603516
2967.406250	24530.966797
2966.041992	24548.992188
2964.676758	24567.003906
2963.311523	24783.570313
2961.946289	24937.533203
2960.580078	24661.406250
2959.213867	24530.548828
2957.847656	24625.677734
2956.480469	24617.921875
2955.113281	24850.669922
2953.746094	25072.289063
2952.377930	24882.757813
2951.009766	24878.607422
2949.641602	25085.380859
2948.272461	25075.675781
2946.903320	25236.464844
2945.534180	25107.591797
2944.164063	25050.238281
2942.793945	25192.591797
2941.423828	25270.769531
2940.052734	25015.660156
2938.681641	25320.832031
2937.309570	25462.970703
2935.938477	25634.314453
2934.566406	25264.107422
2933.193359	25312.878906
2931.821289	25425.617188
2930.447266	25412.169922
2929.074219	25557.720703
2927.700195	25617.326172
2926.326172	25735.351563
2924.952148	25895.318359
2923.577148	25576.861328
2922.202148	25857.255859
2920.826172	25754.289063
2919.451172	25968.820313
2918.074219	25771.025391
2916.698242	25781.205078
2915.321289	25778.617188
2913.944336	26084.056641
2912.567383	26004.857422
2911.189453	26191.673828
2909.810547	25877.529297
2908.432617	25933.175781
2907.053711	25988.791016
2905.674805	25962.478516
2904.294922	26238.222656
2902.915039	26120.900391
2901.535156	26074.558594
2900.155273	26264.611328
2898.774414	26038.289063
2897.392578	26164.644531
2896.011719	26300.019531
2894.629883	26366.300781
2893.248047	26316.318359
2891.865234	26246.386719
2890.482422	26343.482422
2889.099609	26509.486328
2887.715820	26154.707031
2886.332031	26567.353516
2884.948242	26606.236328
2883.563477	26347.771484
2882.178711	26384.871094
2880.792969	26827.853516
2879.408203	26790.535156
2878.022461	26756.855469
2876.635742	26645.324219
2875.249023	26401.691406
2873.862305	26572.638672
2872.475586	26482.939453
2871.087891	26785.833984
2869.700195	26609.308594
2868.311523	26566.669922
2866.923828	26703.007813
2865.534180	26555.539063
2864.145508	26664.707031
2862.755859	26685.304688
2861.366211	26595.730469
2859.975586	26721.048828
2858.584961	26707.314453
2857.194336	26637.642578
2855.802734	26452.535156
2854.411133	26740.089844
2853.019531	26710.123047
2851.626953	26871.269531
2850.234375	26859.304688
2848.841797	26832.927734
2847.448242	26628.210938
2846.054688	26598.294922
2844.661133	26698.035156
2843.266602	26783.324219
2841.872070	26816.375000
2840.476563	26755.843750
2839.082031	26355.349609
2837.686523	26330.921875
2836.290039	26405.394531
2834.893555	26573.300781
2833.497070	26586.570313
2832.099609	26545.927734
2830.703125	26415.492188
2829.304688	26225.857422
2827.907227	26479.763672
2826.508789	26178.914063
2825.109375	26412.964844
2823.710938	26523.109375
2822.311523	26521.994141
2820.911133	26574.669922
2819.511719	26369.166016
2818.111328	26472.033203
2816.709961	26436.873047
2815.308594	26550.416016
2813.907227	26511.667969
2812.505859	26591.111328
2811.103516	26434.220703
2809.701172	26425.945313
2808.297852	26566.175781
2806.894531	26853.013672
2805.491211	26694.412109
2804.087891	26918.496094
2802.683594	26835.025391
2801.278320	26408.486328
2799.874023	26734.300781
2798.468750	26770.599609
2797.062500	26842.591797
2795.657227	26821.710938
2794.250977	26870.447266
2792.843750	26799.601563
2791.437500	26710.949219
2790.029297	26864.894531
2788.622070	26781.613281
2787.213867	26928.330078
2785.805664	26918.138672
2784.396484	27018.416016
2782.988281	26910.230469
2781.578125	27124.431641
2780.168945	27000.244141
2778.758789	26877.892578
2777.347656	27284.126953
2775.937500	27175.994141
2774.526367	27187.083984
2773.114258	27425.779297
2771.703125	27198.570313
2770.290039	27241.628906
2768.877930	27451.695313
2767.464844	27366.757813
2766.051758	27724.095703
2764.637695	27505.957031
2763.224609	27417.511719
2761.809570	27490.605469
2760.395508	27458.978516
2758.980469	27468.164063
2757.564453	27672.416016
2756.149414	27626.574219
2754.733398	27587.843750
2753.316406	27811.400391
2751.900391	27864.763672
2750.483398	28073.964844
2749.065430	27576.515625
2747.647461	27590.941406
2746.229492	27789.427734
2744.811523	27982.503906
2743.392578	28242.705078
2741.972656	28278.164063
2740.553711	28269.396484
2739.133789	27907.085938
2737.712891	28202.382813
2736.292969	28078.787109
2734.872070	28070.068359
2733.450195	28048.986328
2732.028320	28299.806641
2730.606445	28292.794922
2729.184570	28594.597656
2727.761719	28035.308594
2726.338867	28261.177734
2724.915039	28247.117188
2723.491211	28465.765625
2722.067383	28204.908203
2720.642578	28076.330078
2719.217773	28513.287109
2717.792969	28199.769531
2716.367188	28372.363281
2714.941406	28601.199219
2713.514648	28405.792969
2712.088867	28488.470703
2710.661133	28472.599609
2709.234375	28555.210938
2707.806641	28774.912109
2706.378906	28834.554688
2704.950195	28920.521484
2703.521484	28635.757813
2702.091797	28684.841797
2700.663086	28758.482422
2699.233398	28875.968750
2697.802734	28568.673828
2696.372070	28931.789063
2694.941406	28947.394531
2693.509766	28833.212891
2692.078125	28887.400391
2690.646484	28494.578125
2689.214844	29095.576172
2687.781250	29011.244141
2686.348633	28755.296875
2684.915039	28734.125000
2683.481445	28975.562500
2682.047852	28824.822266
2680.613281	29045.113281
2679.178711	28950.404297
2677.743164	28923.949219
2676.307617	29109.072266
2674.872070	29512.607422
2673.435547	29316.501953
2671.999023	29249.783203
2670.561523	29563.888672
2669.125000	29479.671875
2667.686523	29151.072266
2666.249023	29560.957031
2664.810547	29457.601563
2663.372070	29410.119141
2661.932617	29291.148438
2660.493164	29294.294922
2659.053711	29274.773438
2657.613281	29485.312500
2656.172852	29434.382813
2654.731445	29348.638672
2653.291016	29581.632813
2651.848633	29750.085938
2650.407227	29612.097656
2648.964844	29608.171875
2647.521484	29639.039063
2646.079102	29603.794922
2644.635742	29749.412109
2643.191406	29811.505859
2641.747070	29783.187500
2640.302734	29652.359375
2638.858398	29900.300781
2637.413086	30125.537109
2635.967773	29848.863281
2634.521484	29839.650391
2633.075195	30142.816406
2631.627930	30211.603516
2630.181641	30176.279297
2628.733398	30114.957031
2627.286133	30233.966797
2625.837891	30470.775391
2624.389648	30447.539063
2622.940430	30249.339844
2621.491211	30276.390625
2620.041992	30859.244141
2618.591797	30403.148438
2617.141602	30369.558594
2615.690430	30550.529297
2614.240234	30549.779297
2612.788086	30566.318359
2611.336914	30416.871094
2609.884766	30704.802734
2608.431641	30837.062500
2606.979492	31010.712891
2605.525391	31032.283203
2604.072266	30960.595703
2602.618164	30902.750000
2601.164063	30672.341797
2599.708984	30806.117188
2598.253906	30834.595703
2596.798828	30918.242188
2595.342773	31141.501953
2593.886719	30671.710938
2592.430664	30789.792969
2590.973633	30911.257813
2589.516602	31106.722656
2588.058594	31054.121094
2586.600586	31048.023438
2585.142578	31214.037109
2583.683594	31053.035156
2582.224609	31029.732422
2580.764648	31138.861328
2579.304688	31263.408203
2577.844727	31245.216797
2576.383789	31084.394531
2574.923828	31442.509766
2573.461914	31285.146484
2572.000000	31179.376953
2570.538086	31283.105469
2569.076172	31443.416016
2567.613281	31559.031250
2566.150391	31352.072266
2564.686523	31483.080078
2563.222656	31281.384766
2561.758789	31729.460938
2560.293945	31534.652344
2558.829102	31569.523438
2557.363281	31409.105469
2555.897461	31440.558594
2554.431641	31427.480469
2552.964844	31618.085938
2551.498047	31654.585938
2550.031250	31857.005859
2548.563477	31717.263672
2547.095703	31799.867188
2545.626953	31887.556641
2544.158203	31599.218750
2542.689453	31977.363281
2541.219727	32145.212891
2539.750000	32024.373047
2538.280273	31932.615234
2536.809570	31869.917969
2535.337891	31788.476563
2533.867188	31799.197266
2532.395508	31837.197266
2530.922852	31745.587891
2529.451172	32110.873047
2527.978516	32111.261719
2526.504883	32172.984375
2525.031250	32273.851563
2523.557617	32097.083984
2522.083008	32344.326172
2520.608398	32519.955078
2519.133789	32356.863281
2517.658203	32292.521484
2516.182617	32580.271484
2514.706055	32315.255859
2513.229492	32774.539063
2511.752930	32550.392578
2510.275391	32599.902344
2508.797852	32450.646484
2507.319336	32535.812500
2505.840820	32985.953125
2504.362305	32195.109375
2502.882813	32816.488281
2501.403320	32448.505859
2499.923828	32555.597656
2498.443359	32576.156250
2496.962891	32798.425781
2495.481445	32793.484375
2494.000000	32824.125000
2492.518555	32905.558594
2491.036133	32949.695313
2489.553711	33058.140625
2488.071289	33198.687500
2486.587891	33171.632813
2485.103516	33073.535156
2483.620117	33119.246094
2482.135742	33432.089844
2480.650391	32872.500000
2479.165039	32970.609375
2477.679688	33305.207031
2476.194336	33293.355469
2474.708008	33143.027344
2473.220703	33453.679688
2471.733398	33592.007813
2470.246094	33342.152344
2468.758789	33795.902344
2467.270508	33492.144531
2465.782227	33657.289063
2464.292969	33707.714844
2462.803711	33970.460938
2461.313477	33599.558594
2459.823242	33916.093750
2458.333008	33858.613281
2456.841797	34062.113281
2455.350586	34119.070313
2453.859375	34095.226563
2452.367188	34194.199219
2450.875000	34362.074219
2449.381836	34511.363281
2447.888672	34030.199219
2446.395508	34031.597656
2444.901367	34066.597656
2443.407227	34393.847656
2441.912109	34437.125000
2440.417969	34408.191406
2438.921875	34389.335938
2437.425781	34159.058594
2435.929688	34351.644531
2434.433594	34294.234375
2432.936523	34337.449219
2431.439453	34378.968750
2429.941406	34467.382813
2428.443359	34393.234375
2426.944336	34548.593750
2425.446289	34794.300781
2423.946289	34499.125000
2422.447266	34456.832031
2420.947266	34227.144531
2419.446289	34639.953125
2417.945313	34689.628906
2416.444336	34500.179688
2414.942383	34633.437500
2413.440430	34378.917969
2411.938477	34670.851563
2410.435547	34914.191406
2408.932617	34671.472656
2407.429688	34640.894531
2405.925781	34835.648438
2404.420898	34898.476563
2402.916016	35084.714844
2401.411133	34990.675781
2399.906250	35048.402344
2398.400391	35059.425781
2396.893555	34872.132813
2395.387695	35374.667969
2393.880859	35447.214844
2392.373047	35526.386719
2390.865234	35389.093750
2389.357422	35298.468750
2387.848633	35550.648438
2386.339844	35684.589844
2384.830078	35387.734375
2383.320313	35094.351563
2381.810547	35623.894531
2380.299805	35350.535156
2378.789063	35522.550781
2377.278320	35344.023438
2375.766602	35457.828125
2374.254883	35568.250000
2372.742188	35761.593750
2371.229492	35513.484375
2369.715820	35564.082031
2368.203125	35934.710938
2366.688477	35849.218750
2365.174805	35538.343750
2363.660156	35429.792969
2362.144531	35756.988281
2360.628906	36138.664063
2359.113281	36089.640625
2357.596680	36426.335938
2356.080078	35960.207031
2354.563477	35982.398438
2353.045898	36229.531250
2351.528320	36028.390625
2350.009766	35962.914063
2348.491211	36323.894531
2346.971680	36344.292969
2345.452148	35915.343750
2343.932617	36503.960938
2342.413086	36499.519531
2340.891602	36193.003906
2339.371094	36546.746094
2337.849609	36192.523438
2336.328125	36414.121094
2334.805664	36530.070313
2333.283203	36398.667969
2331.760742	36313.480469
2330.237305	36824.804688
2328.712891	36299.718750
2327.189453	36481.402344
2325.665039	36547.738281
2324.139648	36832.960938
2322.614258	36783.972656
2321.088867	36804.105469
2319.562500	36707.445313
2318.036133	36803.218750
2316.509766	36895.652344
2314.982422	37068.562500
2313.455078	37085.292969
2311.926758	36487.667969
2310.398438	36837.898438
2308.869141	37173.167969
2307.339844	36900.960938
2305.810547	36878.312500
2304.280273	37177.210938
2302.750000	37302.101563
2301.218750	36972.738281
2299.688477	37146.789063
2298.156250	37337.132813
2296.624023	37430.710938
2295.091797	37224.488281
2293.559570	37265.640625
2292.026367	37285.480469
2290.492188	37000.882813
2288.958984	37058.414063
2287.423828	37457.800781
2285.889648	37595.312500
2284.354492	37361.597656
2282.818359	37584.050781
2281.283203	37505.703125
2279.746094	37799.882813
2278.209961	37719.875000
2276.672852	37517.441406
2275.134766	37752.609375
2273.596680	37409.906250
2272.058594	37463.863281
2270.519531	37393.816406
2268.980469	37571.683594
2267.441406	37738.039063
2265.901367	37912.457031
2264.361328	37741.324219
2262.820313	38189.332031
2261.279297	37842.308594
2259.737305	38036.046875
2258.195313	38040.847656
2256.653320	38029.371094
2255.110352	38187.101563
2253.567383	38502.523438
2252.024414	38077.882813
2250.480469	37954.218750
2248.935547	37804.609375
2247.390625	38079.167969
2245.845703	38537.144531
2244.300781	38475.187500
2242.754883	38591.859375
2241.208008	38297.796875
2239.661133	38086.640625
2238.114258	38277.941406
2236.566406	38571.316406
2235.018555	38582.394531
2233.470703	39040.882813
2231.921875	38915.691406
2230.373047	38560.480469
2228.823242	38761.054688
2227.273438	38825.492188
2225.722656	38630.851563
2224.171875	38690.425781
2222.621094	38848.671875
2221.069336	38896.824219
2219.517578	39315.316406
2217.964844	39324.511719
2216.412109	38911.800781
2214.859375	39126.328125
2213.305664	39505.535156
2211.751953	39183.535156
2210.197266	39444.644531
2208.642578	39218.070313
2207.086914	39219.179688
2205.531250	39191.238281
2203.975586	39416.570313
2202.418945	39570.824219
2200.862305	39349.328125
2199.305664	39361.667969
2197.748047	39717.230469
2196.189453	39571.578125
2194.630859	39472.707031
2193.072266	39977.703125
2191.512695	39910.964844
2189.953125	39786.320313
2188.393555	40141.199219
2186.833008	40357.554688
2185.272461	40025.437500
2183.710938	40179.003906
2182.149414	40115.511719
2180.586914	40321.992188
2179.024414	40197.441406
2177.461914	40392.546875
2175.898438	40104.265625
2174.334961	40437.332031
2172.770508	40044.871094
2171.206055	40525.371094
2169.641602	40859.656250
2168.076172	40735.167969
2166.509766	40904.101563
2164.944336	40617.789063
2163.377930	40616.820313
2161.810547	40957.039063
2160.243164	40827.863281
2158.675781	40886.062500
2157.107422	40936.230469
2155.538086	40973.566406
2153.969727	41097.261719
2152.400391	41046.566406
2150.830078	40802.421875
2149.259766	41101.890625
2147.689453	41265.363281
2146.118164	41257.796875
2144.546875	41366.828125
2142.974609	41089.367188
2141.402344	40883.890625
