#Wave		#Intensity
3550.254883	18568.431641
3549.023438	18340.222656
3547.791016	18444.277344
3546.558594	18195.937500
3545.326172	18381.425781
3544.092773	18430.431641
3542.860352	18414.281250
3541.625977	18552.792969
3540.392578	18799.074219
3539.159180	18400.439453
3537.924805	18406.671875
3536.690430	18699.583984
3535.455078	18650.859375
3534.220703	18445.664063
3532.985352	18370.595703
3531.749023	18437.761719
3530.513672	18716.125000
3529.277344	18423.765625
3528.041016	18462.449219
3526.804688	18675.669922
3525.567383	18730.511719
3524.331055	18373.468750
3523.092773	18600.763672
3521.855469	18507.537109
3520.617188	18732.675781
3519.378906	18621.210938
3518.140625	18526.005859
3516.902344	18414.630859
3515.663086	18420.798828
3514.423828	18663.931641
3513.184570	18738.886719
3511.944336	18651.845703
3510.704102	18570.914063
3509.463867	18779.394531
3508.223633	18862.343750
3506.982422	18789.503906
3505.741211	18781.406250
3504.500000	18771.289063
3503.258789	18759.152344
3502.016602	18749.039063
3500.774414	18716.701172
3499.532227	18870.230469
3498.289063	18815.660156
3497.045898	18672.263672
3495.802734	18940.769531
3494.559570	18803.458984
3493.315430	18765.085938
3492.071289	18922.427734
3490.827148	18714.603516
3489.582031	19132.033203
3488.336914	18908.121094
3487.091797	18885.882813
3485.846680	18950.310547
3484.600586	18797.097656
3483.355469	19028.714844
3482.108398	19034.656250
3480.862305	19187.587891
3479.615234	19038.474609
3478.368164	19024.277344
3477.121094	19004.046875
3475.873047	19056.250000
3474.625977	18822.806641
3473.376953	19218.898438
3472.128906	19096.097656
3470.879883	18913.042969
3469.631836	19162.146484
3468.381836	19103.726563
3467.132813	19312.498047
3465.882813	18882.521484
3464.632813	18970.771484
3463.382813	18982.697266
3462.131836	19201.339844
3460.880859	18930.275391
3459.629883	19064.570313
3458.377930	18958.119141
3457.126953	19018.150391
3455.875000	19058.105469
3454.622070	19140.132813
3453.370117	19376.427734
3452.117188	19215.917969
3450.864258	19003.394531
3449.610352	19129.412109
3448.357422	19151.257813
3447.103516	19421.312500
3445.849609	19268.962891
3444.594727	19314.765625
3443.339844	19320.539063
3442.084961	19192.304688
3440.830078	19096.119141
3439.574219	19275.855469
3438.318359	19247.644531
3437.062500	19391.296875
3435.805664	19211.232422
3434.549805	19264.941406
3433.292969	19204.796875
3432.035156	19190.597656
3430.778320	19046.658203
3429.520508	19224.076172
3428.261719	19261.751953
3427.003906	19197.673828
3425.745117	19043.876953
3424.486328	19189.230469
3423.227539	19105.271484
3421.967773	19346.207031
3420.708008	19302.095703
3419.448242	19329.720703
3418.188477	19223.884766
3416.927734	19217.658203
3415.666992	19235.322266
3414.405273	19121.609375
3413.144531	19282.558594
3411.882813	19427.517578
3410.621094	19293.941406
3409.358398	19237.978516
3408.095703	19186.013672
3406.833008	19221.531250
3405.570313	18833.734375
3404.307617	19193.169922
3403.043945	18974.392578
3401.779297	19244.263672
3400.515625	18971.957031
3399.250977	19126.570313
3397.986328	19126.306641
3396.721680	19292.716797
3395.456055	19062.291016
3394.190430	19183.021484
3392.924805	19032.035156
3391.659180	19077.378906
3390.392578	19029.544922
3389.125977	19237.355469
3387.858398	19153.841797
3386.591797	19030.750000
3385.324219	19167.125000
3384.056641	19317.298828
3382.788086	19243.730469
3381.519531	19021.769531
3380.250977	19080.855469
3378.982422	19072.658203
3377.712891	19145.546875
3376.443359	19123.494141
3375.173828	19271.451172
3373.904297	19304.712891
3372.633789	19341.910156
3371.363281	19339.578125
3370.091797	19173.322266
3368.821289	19246.058594
3367.549805	19287.173828
3366.277344	19063.796875
3365.005859	19166.101563
3363.733398	19041.486328
3362.460938	19291.673828
3361.188477	19143.417969
3359.915039	19087.886719
3358.641602	19389.136719
3357.368164	19481.367188
3356.093750	19415.939453
3354.819336	19049.171875
3353.544922	18975.990234
3352.269531	19076.095703
3350.995117	19154.503906
3349.719727	19337.173828
3348.443359	19427.289063
3347.167969	19415.072266
3345.891602	19440.224609
3344.615234	19276.609375
3343.337891	19457.072266
3342.060547	19525.429688
3340.783203	19263.654297
3339.505859	19406.667969
3338.227539	19239.304688
3336.949219	19266.404297
3335.670898	19599.738281
3334.391602	19236.169922
3333.112305	19557.582031
3331.833008	19417.826172
3330.553711	19382.082031
3329.273438	19413.023438
3327.993164	19391.017578
3326.712891	19623.820313
3325.431641	19529.267578
3324.150391	19377.937500
3322.869141	19201.210938
3321.587891	19455.380859
3320.305664	19629.164063
3319.023438	19530.789063
3317.740234	19583.142578
3316.458008	19563.078125
3315.174805	19415.876953
3313.890625	19785.023438
3312.607422	19610.460938
3311.323242	19496.572266
3310.039063	19431.589844
3308.753906	19435.021484
3307.468750	19645.509766
3306.183594	19584.437500
3304.898438	19437.478516
3303.612305	19581.447266
3302.326172	19879.529297
3301.040039	19613.572266
3299.753906	19622.792969
3298.466797	19579.349609
3297.179688	19604.167969
3295.891602	19722.546875
3294.603516	19764.859375
3293.315430	19723.361328
3292.027344	19498.757813
3290.738281	19638.468750
3289.449219	19805.376953
3288.160156	19847.611328
3286.871094	19695.189453
3285.581055	19624.562500
3284.291016	19832.167969
3283.000000	19798.492188
3281.708984	19932.064453
3280.417969	19941.150391
3279.126953	19944.396484
3277.834961	20122.533203
3276.543945	20147.105469
3275.250977	19983.251953
3273.958984	20170.960938
3272.666016	19972.224609
3271.373047	19985.152344
3270.079102	19980.605469
3268.786133	20142.916016
3267.492188	20027.765625
3266.197266	20021.267578
3264.903320	19766.595703
3263.608398	19775.662109
3262.312500	20048.287109
3261.017578	19795.712891
3259.721680	20070.142578
3258.425781	20001.656250
3257.128906	20097.777344
3255.833008	20354.519531
3254.535156	19889.269531
3253.238281	20223.332031
3251.940430	20133.599609
3250.642578	19993.623047
3249.344727	20319.693359
3248.046875	20247.390625
3246.748047	20032.103516
3245.448242	20106.744141
3244.149414	20121.464844
3242.849609	19892.826172
3241.549805	20208.804688
3240.250000	20493.750000
3238.949219	20193.765625
3237.648438	20052.142578
3236.347656	20209.597656
3235.045898	20044.886719
3233.744141	20325.673828
3232.442383	20265.109375
3231.139648	20198.789063
3229.836914	20402.263672
3228.534180	20324.378906
3227.231445	20570.099609
3225.927734	20315.052734
3224.624023	20181.404297
3223.319336	20638.701172
3222.015625	20031.664063
3220.710938	20215.597656
3219.405273	20297.505859
3218.100586	20040.935547
3216.794922	20211.275391
3215.489258	20277.744141
3214.182617	20317.277344
3212.875977	20137.775391
3211.569336	20161.953125
3210.262695	20468.398438
3208.955078	20229.464844
3207.647461	20307.339844
3206.338867	20279.634766
3205.031250	20338.273438
3203.722656	20347.013672
3202.413086	20386.427734
3201.104492	20360.638672
3199.794922	20520.783203
3198.485352	20249.681641
3197.174805	20277.578125
3195.864258	20508.496094
3194.553711	20450.142578
3193.243164	20393.726563
3191.931641	20356.476563
3190.620117	20340.291016
3189.307617	20238.015625
3187.996094	20149.175781
3186.682617	20362.523438
3185.370117	20547.091797
3184.056641	20196.365234
3182.744141	20449.679688
3181.429688	20544.294922
3180.116211	20575.832031
3178.801758	20450.757813
3177.487305	20489.933594
3176.171875	20635.980469
3174.856445	20722.800781
3173.541016	20420.363281
3172.225586	20318.347656
3170.909180	20388.009766
3169.592773	20358.496094
3168.275391	20437.642578
3166.958984	20568.205078
3165.641602	20395.767578
3164.323242	20377.699219
3163.005859	20412.958984
3161.687500	20604.320313
3160.368164	20256.906250
3159.049805	20297.871094
3157.730469	20357.841797
3156.411133	20410.173828
3155.090820	20426.345703
3153.770508	20567.992188
3152.450195	20395.933594
3151.129883	20353.177734
3149.808594	20549.833984
3148.487305	20404.486328
3147.165039	20498.484375
3145.842773	20410.169922
3144.520508	20447.173828
3143.198242	20527.806641
3141.875000	20418.669922
3140.551758	20537.205078
3139.228516	20665.162109
3137.904297	20597.775391
3136.580078	20543.685547
3135.255859	20322.851563
3133.931641	20666.720703
3132.606445	20519.830078
3131.280273	20331.341797
3129.955078	20445.871094
3128.628906	20412.701172
3127.302734	20341.693359
3125.975586	20380.455078
3124.649414	20421.085938
3123.321289	20614.875000
3121.994141	20466.361328
3120.666016	20512.607422
3119.337891	20483.240234
3118.009766	20520.009766
3116.680664	20658.759766
3115.351563	20767.228516
3114.022461	20747.257813
3112.692383	20644.244141
3111.362305	20799.808594
3110.032227	20553.439453
3108.701172	20757.990234
3107.370117	20524.941406
3106.039063	20834.978516
3104.707031	20769.773438
3103.375000	20742.285156
3102.042969	20963.498047
3100.710938	20785.285156
3099.377930	20693.779297
3098.044922	20594.783203
3096.710938	20836.517578
3095.376953	21027.328125
3094.042969	20753.349609
3092.708984	20872.611328
3091.374023	21151.654297
3090.039063	20932.353516
3088.703125	20850.365234
3087.367188	21018.339844
3086.031250	21111.083984
3084.695313	21051.642578
3083.358398	20994.105469
3082.021484	21128.085938
3080.684570	21109.968750
3079.346680	20945.492188
3078.008789	20914.289063
3076.670898	21111.923828
3075.332031	20990.683594
3073.993164	21171.330078
3072.654297	20995.775391
3071.314453	21062.025391
3069.974609	21231.281250
3068.634766	21200.046875
3067.293945	20914.162109
3065.953125	21332.310547
3064.612305	21299.195313
3063.270508	21311.003906
3061.929688	21131.986328
3060.586914	21216.765625
3059.245117	21230.445313
3057.902344	21309.548828
3056.559570	21166.201172
3055.215820	21404.103516
3053.872070	21417.718750
3052.528320	21354.750000
3051.184570	21303.013672
3049.839844	21346.503906
3048.495117	21182.808594
3047.149414	21411.025391
3045.803711	21398.488281
3044.458008	21400.875000
3043.112305	21317.490234
3041.765625	21595.779297
3040.418945	21484.427734
3039.071289	21442.064453
3037.723633	21310.306641
3036.375977	21592.048828
3035.028320	21437.970703
3033.679688	21470.109375
3032.331055	21347.765625
3030.982422	21368.740234
3029.632813	21456.669922
3028.283203	21602.205078
3026.932617	21418.582031
3025.583008	21504.570313
3024.232422	21690.867188
3022.880859	21626.253906
3021.530273	21422.357422
3020.177734	21495.253906
3018.826172	21675.796875
3017.473633	21440.472656
3016.121094	21730.425781
3014.768555	21498.906250
3013.415039	21352.816406
3012.061523	21616.613281
3010.708008	21516.910156
3009.353516	21689.716797
3007.999023	21608.570313
3006.644531	21620.089844
3005.289063	21429.712891
3003.933594	21720.878906
3002.578125	21708.289063
3001.221680	21558.740234
2999.865234	21742.335938
2998.508789	21800.041016
2997.151367	21615.429688
2995.793945	21534.453125
2994.436523	21717.869141
2993.078125	21707.132813
2991.719727	21598.468750
2990.361328	21667.197266
2989.001953	21811.613281
2987.642578	21776.851563
2986.283203	21882.400391
2984.922852	21587.412109
2983.562500	21668.964844
2982.202148	21732.029297
2980.840820	21763.708984
2979.479492	21769.560547
2978.118164	21563.419922
2976.755859	21934.205078
2975.393555	21927.105469
2974.031250	21910.796875
2972.667969	21929.484375
2971.304688	21784.298828
2969.941406	21854.541016
2968.577148	21847.457031
2967.212891	22033.554688
2965.848633	21905.029297
2964.483398	22092.857422
2963.118164	22157.414063
2961.752930	21984.832031
2960.386719	22301.130859
2959.020508	21781.367188
2957.653320	22207.761719
2956.287109	22211.605469
2954.919922	22114.472656
2953.551758	21967.830078
2952.184570	22160.720703
2950.816406	22309.488281
2949.447266	22054.687500
2948.078125	22331.757813
2946.708984	22311.716797
2945.339844	22223.871094
2943.969727	22278.986328
2942.599609	22255.300781
2941.229492	22411.105469
2939.858398	22539.367188
2938.487305	22316.099609
2937.115234	22561.443359
2935.744141	22526.730469
2934.372070	22539.589844
2932.999023	22748.119141
2931.625977	22665.841797
2930.252930	22832.193359
2928.879883	22888.816406
2927.505859	22890.599609
2926.131836	22751.732422
2924.756836	22780.935547
2923.382813	22863.066406
2922.006836	22853.892578
2920.631836	22755.304688
2919.255859	22576.490234
2917.879883	22879.275391
2916.502930	22820.863281
2915.125977	22963.009766
2913.749023	22662.195313
2912.372070	22735.064453
2910.994141	22847.974609
2909.616211	22831.517578
2908.237305	22796.857422
2906.858398	22951.533203
2905.479492	22885.916016
2904.099609	22924.041016
2902.719727	23211.357422
2901.339844	22980.222656
2899.958984	23227.382813
2898.578125	23245.382813
2897.197266	23074.371094
2895.815430	23105.113281
2894.433594	23037.750000
2893.051758	22966.787109
2891.668945	23378.789063
2890.286133	23148.042969
2888.903320	23124.277344
2887.519531	22908.212891
2886.135742	23207.365234
2884.751953	23482.796875
2883.367188	23105.447266
2881.982422	23344.515625
2880.597656	23378.707031
2879.211914	23345.851563
2877.826172	23280.408203
2876.439453	23187.832031
2875.052734	23564.158203
2873.666016	23372.015625
2872.279297	23458.607422
2870.891602	23514.402344
2869.503906	23298.892578
2868.115234	23501.148438
2866.726563	23500.847656
2865.337891	23390.308594
2863.948242	23194.904297
2862.558594	23673.339844
2861.168945	23344.324219
2859.779297	23351.271484
2858.388672	23262.550781
2856.997070	23603.349609
2855.606445	23272.857422
2854.214844	23586.427734
2852.822266	23277.734375
2851.430664	23490.189453
2850.037109	23374.515625
2848.644531	23498.546875
2847.250977	23451.375000
2845.857422	23215.119141
2844.463867	23128.423828
2843.069336	23234.382813
2841.674805	23320.490234
2840.279297	22828.992188
2838.883789	23010.488281
2837.488281	23218.871094
2836.092773	23128.691406
2834.696289	23299.189453
2833.299805	23216.216797
2831.902344	23149.453125
2830.504883	23084.515625
2829.107422	23030.380859
2827.708984	23110.917969
2826.310547	22635.005859
2824.912109	23104.984375
2823.512695	22927.103516
2822.113281	22948.390625
2820.713867	23276.287109
2819.313477	23084.146484
2817.913086	23273.839844
2816.511719	23212.589844
2815.110352	22782.349609
2813.708984	23057.935547
2812.307617	22943.060547
2810.905273	23075.265625
2809.502930	23076.761719
2808.099609	23180.236328
2806.696289	23135.195313
2805.292969	23045.466797
2803.888672	23159.593750
2802.484375	23350.519531
2801.080078	23366.228516
2799.674805	23126.453125
2798.269531	23329.742188
2796.864258	23100.804688
2795.458008	23196.882813
2794.051758	23230.443359
2792.645508	23189.044922
2791.238281	23415.248047
2789.831055	23571.781250
2788.422852	23416.208984
2787.014648	23501.359375
2785.606445	23459.931641
2784.197266	23607.382813
2782.788086	23492.914063
2781.378906	23497.814453
2779.968750	23422.591797
2778.558594	23377.664063
2777.148438	23761.615234
2775.737305	23469.330078
2774.326172	23540.027344
2772.915039	23754.718750
2771.502930	23467.978516
2770.090820	23558.166016
2768.677734	23776.240234
2767.265625	23585.626953
2765.851563	23752.080078
2764.438477	23694.726563
2763.024414	23669.353516
2761.610352	23840.978516
2760.195313	23906.060547
2758.780273	23815.015625
2757.365234	23858.787109
2755.949219	23906.082031
2754.533203	23701.658203
2753.116211	23947.431641
2751.700195	23861.789063
2750.282227	23903.712891
2748.865234	24023.525391
2747.447266	23918.447266
2746.029297	23778.023438
2744.610352	24126.025391
2743.191406	24300.492188
2741.772461	24211.357422
2740.352539	24244.263672
2738.932617	24024.375000
2737.512695	24172.175781
2736.091797	24136.154297
2734.670898	24495.812500
2733.249023	24200.134766
2731.828125	24118.224609
2730.405273	24265.806641
2728.983398	24284.496094
2727.560547	24336.695313
2726.137695	24263.640625
2724.713867	24612.044922
2723.290039	24283.339844
2721.866211	24365.437500
2720.441406	24274.816406
2719.016602	24538.310547
2717.590820	24481.148438
2716.166016	24071.878906
2714.739258	24354.580078
2713.313477	24591.386719
2711.886719	24490.273438
2710.459961	24554.546875
2709.032227	24560.757813
2707.604492	24547.623047
2706.176758	24643.464844
2704.748047	24672.482422
2703.319336	24664.593750
2701.890625	24519.712891
2700.460938	24726.076172
2699.031250	24551.404297
2697.600586	24648.841797
2696.169922	24828.693359
2694.739258	24697.972656
2693.307617	24726.900391
2691.875977	24983.732422
2690.444336	24562.095703
2689.011719	24713.693359
2687.579102	24683.011719
2686.146484	24671.609375
2684.712891	24807.300781
2683.279297	24773.109375
2681.844727	24819.441406
2680.410156	24739.765625
2678.975586	24721.353516
2677.540039	24893.576172
2676.104492	25093.685547
2674.668945	24998.279297
2673.232422	24761.363281
2671.795898	25015.509766
2670.359375	25031.974609
2668.921875	24901.744141
2667.484375	25185.335938
2666.045898	25254.099609
2664.607422	25083.769531
2663.168945	25063.548828
2661.729492	25066.009766
2660.290039	24714.505859
2658.850586	24983.757813
2657.410156	25111.708984
2655.969727	25295.349609
2654.528320	25229.800781
2653.086914	25152.093750
2651.645508	25215.447266
2650.203125	25059.449219
2648.760742	25338.568359
2647.318359	25271.339844
2645.875000	25362.417969
2644.431641	25008.298828
2642.987305	25236.726563
2641.543945	25315.570313
2640.098633	25660.218750
2638.654297	25686.800781
2637.208984	25537.958984
2635.762695	25528.089844
2634.317383	25643.201172
2632.871094	25610.746094
2631.423828	25522.787109
2629.976563	25559.751953
2628.529297	25548.142578
2627.082031	25494.929688
2625.633789	25623.726563
2624.184570	25674.482422
2622.736328	25763.322266
2621.287109	25826.134766
2619.836914	25772.906250
2618.386719	25762.976563
2616.936523	25839.578125
2615.486328	25926.521484
2614.035156	25937.310547
2612.583008	25956.736328
2611.131836	25877.605469
2609.679688	25762.214844
2608.226563	25947.550781
2606.774414	25875.384766
2605.320313	26003.599609
2603.867188	26116.205078
2602.413086	25762.662109
2600.958984	26130.689453
2599.503906	26232.820313
2598.048828	26188.273438
2596.593750	26031.654297
2595.137695	26104.414063
2593.681641	26046.136719
2592.224609	25996.501953
2590.767578	26258.714844
2589.310547	26271.050781
2587.852539	26264.437500
2586.394531	26209.623047
2584.936523	26034.359375
2583.477539	26406.339844
2582.018555	26282.714844
2580.558594	26312.208984
2579.098633	26063.156250
2577.638672	26161.439453
2576.177734	26190.933594
2574.716797	26112.173828
2573.255859	26347.771484
2571.793945	26258.705078
2570.332031	26270.966797
2568.869141	26205.986328
2567.407227	26460.185547
2565.943359	26436.355469
2564.479492	26602.898438
2563.015625	26133.253906
2561.551758	26426.628906
2560.086914	26500.501953
2558.622070	26588.041016
2557.156250	26475.130859
2555.690430	26310.904297
2554.224609	26427.519531
2552.757813	26413.998047
2551.291016	26480.900391
2549.824219	26655.539063
2548.356445	26541.058594
2546.888672	26700.199219
2545.419922	26789.173828
2543.951172	26478.210938
2542.482422	26452.720703
2541.012695	26603.171875
2539.542969	26733.054688
2538.072266	26502.646484
2536.601563	26832.175781
2535.130859	26791.257813
2533.659180	26648.005859
2532.187500	26547.458984
2530.715820	26743.638672
2529.243164	26888.576172
2527.770508	26881.767578
2526.296875	26493.318359
2524.823242	26711.445313
2523.349609	26915.835938
2521.875000	26903.908203
2520.400391	26922.621094
2518.925781	27251.011719
2517.450195	27085.896484
2515.974609	26944.671875
2514.498047	26910.634766
2513.021484	26995.601563
2511.543945	26861.296875
2510.067383	26990.404297
2508.588867	27073.582031
2507.111328	27178.789063
2505.632813	27190.566406
2504.154297	27151.417969
2502.674805	27034.230469
2501.195313	26974.777344
2499.714844	27235.894531
2498.234375	27118.765625
2496.753906	27300.037109
2495.273438	27274.460938
2493.791992	27199.761719
2492.309570	27380.867188
2490.827148	27617.759766
2489.344727	27375.416016
2487.862305	27275.367188
2486.378906	27485.023438
2484.894531	27611.679688
2483.411133	27684.146484
2481.926758	27115.751953
2480.441406	27465.527344
2478.956055	27690.066406
2477.470703	27532.652344
2475.984375	27446.257813
2474.498047	27397.056641
2473.011719	27612.931641
2471.524414	27529.949219
2470.037109	27652.869141
2468.548828	27758.853516
2467.060547	27739.978516
2465.572266	27764.949219
2464.083008	28000.613281
2462.593750	27637.892578
2461.103516	27683.080078
2459.613281	28002.794922
2458.123047	27951.875000
2456.631836	27963.269531
2455.140625	28058.808594
2453.649414	27955.742188
2452.157227	28000.761719
2450.665039	28271.119141
2449.171875	28346.294922
2447.678711	28023.044922
2446.184570	28153.699219
2444.691406	28163.314453
2443.196289	28272.023438
2441.702148	28046.507813
2440.207031	27992.341797
2438.710938	28309.121094
2437.215820	28350.552734
2435.719727	28207.435547
2434.222656	28262.283203
2432.725586	28456.261719
2431.228516	28408.763672
2429.730469	28260.736328
2428.232422	28613.720703
2426.733398	28608.083984
2425.234375	28393.130859
2423.735352	28355.738281
2422.235352	28502.466797
2420.735352	28603.937500
2419.235352	28447.744141
2417.734375	28473.916016
2416.233398	28566.949219
2414.731445	28504.480469
2413.229492	28467.107422
2411.726563	28426.410156
2410.224609	28245.429688
2408.720703	28805.935547
2407.217773	28292.738281
2405.713867	28417.341797
2404.208984	28648.666016
2402.704102	28699.712891
2401.199219	28600.640625
2399.694336	28735.029297
2398.188477	28717.667969
2396.681641	28633.656250
2395.174805	28754.597656
2393.667969	28872.144531
2392.161133	28863.078125
2390.653320	29015.490234
2389.144531	29003.058594
2387.636719	28949.035156
2386.126953	28742.001953
2384.618164	29142.060547
2383.108398	28768.824219
2381.598633	28839.564453
2380.087891	28634.423828
2378.577148	29024.121094
2377.065430	29026.636719
2375.553711	28990.960938
2374.041992	28978.539063
2372.529297	28849.951172
2371.016602	28923.841797
2369.502930	29022.572266
2367.989258	29277.128906
2366.475586	29093.875000
2364.960938	28756.572266
2363.446289	28994.421875
2361.931641	28794.808594
2360.416016	29216.355469
2358.899414	29174.076172
2357.383789	29322.177734
2355.867188	29288.162109
2354.349609	29149.929688
2352.832031	29193.708984
2351.314453	29235.810547
2349.795898	29302.685547
2348.277344	29690.158203
2346.758789	28993.498047
2345.239258	29341.199219
2343.718750	29241.166016
2342.199219	29524.228516
2340.677734	29290.492188
2339.157227	29504.082031
2337.635742	29225.921875
2336.114258	29408.074219
2334.591797	29558.798828
2333.069336	29386.337891
2331.545898	29439.748047
2330.022461	29532.671875
2328.499023	29599.191406
2326.974609	29606.386719
2325.450195	29656.380859
2323.925781	29525.292969
2322.400391	29311.990234
2320.874023	29439.335938
2319.348633	29459.707031
2317.821289	29392.917969
2316.294922	29692.738281
2314.767578	29604.552734
2313.240234	29646.208984
2311.711914	29405.316406
2310.183594	29532.388672
2308.654297	29904.007813
2307.125000	29595.933594
2305.595703	29739.257813
2304.065430	29749.626953
2302.535156	29786.230469
2301.003906	29704.759766
2299.472656	29767.576172
2297.941406	29881.158203
2296.409180	29734.183594
2294.876953	29821.503906
2293.343750	29594.378906
2291.810547	29961.623047
2290.277344	29747.666016
2288.743164	30011.593750
2287.208008	30157.603516
2285.673828	29943.753906
2284.138672	30094.605469
2282.602539	29875.972656
2281.066406	30146.046875
2279.530273	30128.451172
2277.993164	29949.169922
2276.456055	29846.720703
2274.918945	30119.777344
2273.380859	30067.923828
2271.842773	30065.041016
2270.303711	30155.130859
2268.764648	30116.345703
2267.224609	30354.730469
2265.684570	30213.224609
2264.144531	30202.146484
2262.603516	30236.683594
2261.062500	30289.115234
2259.520508	30323.607422
2257.979492	30141.582031
2256.436523	30249.320313
2254.893555	30277.279297
2253.350586	30228.773438
2251.806641	30089.230469
2250.262695	30465.093750
2248.718750	30379.189453
2247.173828	30580.919922
2245.628906	30514.517578
2244.083008	30292.242188
2242.537109	30320.109375
2240.991211	30166.166016
2239.444336	30555.914063
2237.896484	30666.419922
2236.349609	30640.626953
2234.801758	30572.687500
2233.252930	30794.945313
2231.704102	30632.998047
2230.155273	30730.365234
2228.605469	30819.580078
2227.055664	30748.427734
2225.504883	30617.410156
2223.954102	31028.660156
2222.403320	30777.892578
2220.851563	30755.343750
2219.299805	30774.853516
2217.747070	30765.246094
2216.194336	30639.259766
2214.640625	31140.343750
2213.086914	31017.550781
2211.533203	30726.839844
2209.978516	31017.585938
2208.423828	30912.669922
2206.869141	31074.097656
2205.313477	31112.814453
2203.756836	31075.693359
2202.200195	31393.373047
2200.643555	30991.830078
2199.086914	31028.904297
2197.529297	31243.208984
2195.970703	31140.039063
2194.412109	31449.220703
2192.853516	31404.009766
2191.293945	31484.376953
2189.734375	31456.876953
2188.174805	31707.722656
2186.614258	31477.505859
2185.052734	31663.890625
2183.491211	31443.445313
2181.929688	31624.912109
2180.368164	31648.818359
2178.805664	31563.474609
2177.242188	31553.652344
2175.678711	31792.691406
2174.115234	31850.222656
2172.550781	31917.349609
2170.986328	31865.724609
2169.421875	32016.207031
2167.856445	31845.921875
2166.290039	31698.162109
2164.724609	31661.058594
2163.157227	31856.287109
2161.590820	32064.226563
2160.023438	31791.648438
2158.455078	31840.998047
2156.886719	32000.753906
2155.318359	31904.406250
2153.749023	32129.644531
2152.179688	31740.642578
2150.610352	32175.248047
2149.040039	32034.187500
2147.468750	32132.902344
2145.897461	32226.767578
2144.326172	32106.558594
2142.754883	32147.683594
2141.181641	32279.777344
