#Wave		#Intensity
3550.405273	30837.488281
3549.173828	30503.316406
3547.941406	30680.156250
3546.708984	30494.373047
3545.476563	30807.564453
3544.243164	31124.691406
3543.010742	30643.781250
3541.777344	30506.990234
3540.542969	30655.097656
3539.309570	30518.357422
3538.075195	30654.189453
3536.840820	30875.357422
3535.605469	31021.210938
3534.371094	30740.193359
3533.135742	30894.134766
3531.900391	30712.804688
3530.664063	30663.568359
3529.428711	30504.693359
3528.192383	30735.689453
3526.955078	30962.523438
3525.718750	30978.201172
3524.481445	30888.365234
3523.244141	30579.488281
3522.006836	30875.099609
3520.768555	30706.255859
3519.530273	31084.822266
3518.291992	31108.539063
3517.053711	30806.007813
3515.814453	30643.388672
3514.575195	30768.447266
3513.335938	31095.949219
3512.095703	30894.894531
3510.855469	30704.042969
3509.615234	30772.304688
3508.375000	31226.974609
3507.133789	30965.367188
3505.892578	30924.308594
3504.651367	31133.984375
3503.410156	31094.921875
3502.167969	31116.503906
3500.925781	31026.939453
3499.683594	31082.863281
3498.440430	31013.533203
3497.197266	31002.792969
3495.954102	30939.560547
3494.710938	31191.230469
3493.466797	31073.492188
3492.222656	31252.384766
3490.978516	31471.541016
3489.734375	31075.500000
3488.489258	31520.414063
3487.244141	31324.095703
3485.999023	31456.369141
3484.752930	31383.056641
3483.506836	31499.136719
3482.260742	31512.443359
3481.014648	31646.560547
3479.767578	31398.105469
3478.520508	31733.458984
3477.273438	31730.591797
3476.025391	31570.792969
3474.777344	31777.146484
3473.529297	31639.521484
3472.281250	31477.826172
3471.032227	31696.115234
3469.784180	31470.158203
3468.534180	31587.884766
3467.285156	31490.609375
3466.035156	31393.371094
3464.785156	31768.044922
3463.535156	31552.339844
3462.284180	31625.744141
3461.033203	31735.234375
3459.782227	31782.480469
3458.531250	31526.828125
3457.279297	31983.181641
3456.027344	31615.316406
3454.775391	31933.134766
3453.522461	31503.308594
3452.270508	31680.755859
3451.016602	31685.849609
3449.763672	31634.861328
3448.509766	32032.402344
3447.255859	31863.244141
3446.001953	31824.248047
3444.748047	31753.251953
3443.493164	31716.289063
3442.238281	31845.347656
3440.983398	31668.400391
3439.727539	32045.308594
3438.471680	32032.285156
3437.215820	32033.253906
3435.958984	31976.279297
3434.703125	31823.449219
3433.446289	32169.935547
3432.188477	31851.406250
3430.931641	31866.367188
3429.673828	31955.160156
3428.416016	32021.962891
3427.157227	31775.544922
3425.898438	31971.984375
3424.639648	32174.316406
3423.380859	31876.185547
3422.121094	31980.783203
3420.862305	32103.263672
3419.601563	32064.318359
3418.341797	31937.750000
3417.081055	31930.712891
3415.820313	32065.027344
3414.559570	31976.349609
3413.297852	31865.818359
3412.036133	31884.654297
3410.774414	32070.562500
3409.512695	32403.546875
3408.250000	32217.451172
3406.987305	32029.445313
3405.724609	32131.675781
3404.460938	31760.968750
3403.197266	32153.230469
3401.933594	32110.373047
3400.669922	31910.666016
3399.405273	31981.027344
3398.140625	31799.294922
3396.875977	31947.029297
3395.610352	31745.539063
3394.344727	31827.759766
3393.079102	31929.771484
3391.813477	31892.958984
3390.546875	32234.736328
3389.280273	31817.386719
3388.013672	31685.511719
3386.746094	31848.828125
3385.478516	32041.773438
3384.210938	32282.146484
3382.943359	32114.642578
3381.674805	32198.542969
3380.406250	32135.990234
3379.136719	31970.595703
3377.868164	32143.458984
3376.598633	32088.857422
3375.329102	32144.976563
3374.058594	32015.289063
3372.789063	32099.056641
3371.517578	31876.582031
3370.247070	32072.912109
3368.975586	32132.906250
3367.705078	32125.746094
3366.432617	31905.421875
3365.161133	32259.421875
3363.888672	32116.099609
3362.616211	32175.998047
3361.343750	32196.425781
3360.070313	32080.806641
3358.796875	31726.730469
3357.523438	31847.738281
3356.249023	31943.074219
3354.974609	32117.156250
3353.700195	32149.365234
3352.425781	32118.550781
3351.150391	32172.388672
3349.875000	31875.894531
3348.599609	32272.115234
3347.323242	32180.304688
3346.046875	32137.699219
3344.770508	31607.480469
3343.494141	32026.980469
3342.216797	31907.777344
3340.939453	31904.556641
3339.661133	32249.046875
3338.383789	31809.724609
3337.105469	31885.060547
3335.827148	31926.986328
3334.547852	31998.328125
3333.268555	32152.052734
3331.989258	32507.773438
3330.709961	32282.755859
3329.429688	32210.791016
3328.149414	31999.656250
3326.869141	32198.271484
3325.587891	32189.072266
3324.306641	32313.097656
3323.025391	32286.240234
3321.744141	32496.347656
3320.461914	32398.968750
3319.179688	32528.693359
3317.896484	32302.183594
3316.614258	32647.085938
3315.331055	32381.521484
3314.047852	32460.271484
3312.763672	32486.191406
3311.479492	32471.044922
3310.195313	32588.796875
3308.911133	32747.525391
3307.625977	32898.363281
3306.340820	32760.083984
3305.054688	32518.375000
3303.769531	32333.382813
3302.483398	32458.792969
3301.197266	32550.970703
3299.910156	32885.003906
3298.623047	32824.906250
3297.335938	32911.078125
3296.048828	32761.318359
3294.760742	33046.261719
3293.472656	32968.628906
3292.184570	32947.527344
3290.895508	32684.910156
3289.606445	32948.179688
3288.317383	32971.859375
3287.028320	32795.046875
3285.738281	33003.613281
3284.448242	32974.726563
3283.157227	33033.378906
3281.867188	32845.031250
3280.576172	33066.992188
3279.284180	33106.132813
3277.993164	33026.710938
3276.701172	33197.953125
3275.409180	33019.476563
3274.116211	33076.054688
3272.823242	33332.585938
3271.530273	33175.539063
3270.237305	33373.707031
3268.943359	33463.121094
3267.649414	33471.023438
3266.355469	33191.898438
3265.060547	33275.468750
3263.765625	33558.656250
3262.470703	33266.121094
3261.174805	33268.230469
3259.879883	33221.902344
3258.583008	33446.730469
3257.287109	33493.316406
3255.990234	33247.574219
3254.693359	33569.000000
3253.396484	33634.863281
3252.098633	33280.910156
3250.800781	33561.484375
3249.502930	33749.113281
3248.205078	33627.343750
3246.906250	33816.796875
3245.607422	33826.457031
3244.307617	33753.039063
3243.007813	33772.359375
3241.708008	33449.886719
3240.408203	33679.683594
3239.107422	33469.316406
3237.806641	33652.687500
3236.505859	33830.183594
3235.204102	33602.554688
3233.902344	33725.980469
3232.600586	33689.335938
3231.298828	33735.578125
3229.996094	33415.671875
3228.693359	33795.242188
3227.389648	33635.328125
3226.086914	33856.761719
3224.783203	34070.386719
3223.478516	33771.925781
3222.173828	33639.089844
3220.870117	33823.750000
3219.564453	33867.910156
3218.259766	33940.890625
3216.954102	33719.687500
3215.648438	33825.335938
3214.341797	33796.417969
3213.035156	33990.371094
3211.728516	34017.125000
3210.421875	33961.285156
3209.114258	33782.597656
3207.806641	33763.300781
3206.499023	33717.140625
3205.190430	33991.402344
3203.881836	34087.148438
3202.573242	33688.082031
3201.263672	34000.496094
3199.954102	34000.320313
3198.644531	33977.144531
3197.333984	33685.750000
3196.024414	34099.378906
3194.713867	33589.765625
3193.402344	34116.183594
3192.090820	34043.218750
3190.779297	33951.152344
3189.467773	33970.093750
3188.155273	33835.992188
3186.842773	33793.746094
3185.530273	33667.390625
3184.216797	33787.671875
3182.903320	33917.453125
3181.589844	33840.820313
3180.276367	34043.105469
3178.961914	33861.437500
3177.646484	33716.125000
3176.332031	33689.226563
3175.016602	33948.597656
3173.701172	34184.945313
3172.385742	33713.492188
3171.069336	33793.402344
3169.752930	33997.199219
3168.436523	34094.152344
3167.119141	34006.199219
3165.801758	33803.964844
3164.484375	33958.031250
3163.166016	34005.371094
3161.847656	34225.949219
3160.529297	33983.863281
3159.209961	33951.226563
3157.890625	33730.238281
3156.571289	33667.230469
3155.251953	33674.613281
3153.931641	33891.136719
3152.611328	33942.179688
3151.290039	33746.136719
3149.968750	34027.078125
3148.647461	33787.410156
3147.326172	34136.574219
3146.003906	34010.906250
3144.681641	33864.410156
3143.359375	33791.992188
3142.036133	34226.195313
3140.712891	34104.402344
3139.389648	33829.046875
3138.065430	33929.226563
3136.742188	34082.433594
3135.416992	34044.156250
3134.092773	34290.097656
3132.767578	33871.039063
3131.442383	33942.667969
3130.116211	34036.980469
3128.790039	33849.199219
3127.463867	34045.671875
3126.137695	34232.593750
3124.810547	34160.273438
3123.483398	34203.347656
3122.156250	34295.550781
3120.828125	34166.550781
3119.500000	34368.324219
3118.170898	34367.832031
3116.842773	34444.789063
3115.513672	34261.089844
3114.183594	34264.390625
3112.854492	34352.628906
3111.524414	34210.589844
3110.194336	34068.613281
3108.863281	34368.085938
3107.532227	34248.761719
3106.201172	34389.671875
3104.869141	34121.480469
3103.537109	34279.308594
3102.205078	34467.203125
3100.873047	34056.011719
3099.540039	34419.000000
3098.207031	34333.722656
3096.873047	34064.015625
3095.539063	34313.824219
3094.205078	34369.726563
3092.871094	34474.500000
3091.536133	34485.199219
3090.201172	34484.605469
3088.866211	34579.871094
3087.530273	34765.292969
3086.194336	34584.261719
3084.857422	34889.796875
3083.521484	34782.050781
3082.184570	34899.644531
3080.846680	34666.183594
3079.509766	34796.878906
3078.171875	34942.515625
3076.833008	34808.605469
3075.495117	34806.023438
3074.156250	34983.417969
3072.817383	34770.859375
3071.477539	34891.953125
3070.137695	34979.261719
3068.797852	34957.890625
3067.457031	35060.117188
3066.116211	34872.109375
3064.775391	35028.582031
3063.434570	35308.472656
3062.092773	35133.625000
3060.750977	34966.339844
3059.408203	34930.023438
3058.065430	35155.445313
3056.722656	34956.484375
3055.378906	35194.867188
3054.036133	34971.699219
3052.691406	35097.894531
3051.347656	35294.984375
3050.002930	35243.687500
3048.658203	35209.207031
3047.313477	35152.351563
3045.967773	35192.523438
3044.622070	35236.402344
3043.275391	35282.121094
3041.929688	35312.898438
3040.582031	34993.281250
3039.235352	35085.593750
3037.887695	35041.875000
3036.540039	35203.035156
3035.192383	35418.109375
3033.843750	35281.257813
3032.495117	35380.816406
3031.146484	35281.242188
3029.796875	35231.933594
3028.447266	35093.375000
3027.097656	35086.894531
3025.747070	35489.359375
3024.396484	35395.429688
3023.044922	35535.648438
3021.694336	35315.433594
3020.342773	35303.316406
3018.990234	35549.273438
3017.638672	35611.343750
3016.286133	35326.355469
3014.932617	35447.812500
3013.580078	35335.492188
3012.226563	35123.082031
3010.872070	35057.238281
3009.518555	35180.484375
3008.164063	35164.679688
3006.808594	35215.578125
3005.454102	35166.429688
3004.098633	35315.441406
3002.743164	34997.835938
3001.386719	34963.570313
3000.030273	35205.035156
2998.673828	35629.531250
2997.316406	35428.664063
2995.958984	35329.593750
2994.601563	35237.960938
2993.243164	35102.007813
2991.884766	35178.617188
2990.526367	35184.984375
2989.166992	35086.066406
2987.807617	35085.062500
2986.448242	35466.179688
2985.087891	35190.082031
2983.727539	35471.347656
2982.367188	35130.804688
2981.005859	35363.992188
2979.644531	35589.691406
2978.283203	35321.246094
2976.921875	35285.136719
2975.559570	35276.679688
2974.196289	35367.695313
2972.833984	35550.746094
2971.470703	35479.617188
2970.106445	35250.218750
2968.743164	35589.578125
2967.378906	35143.152344
2966.013672	35506.281250
2964.649414	35749.695313
2963.284180	35406.496094
2961.917969	35659.003906
2960.552734	35406.031250
2959.186523	35546.335938
2957.819336	35466.160156
2956.453125	35404.382813
2955.085938	35864.019531
2953.717773	35636.980469
2952.350586	35751.351563
2950.982422	35973.906250
2949.613281	35620.437500
2948.245117	35952.929688
2946.875977	36059.769531
2945.505859	36115.234375
2944.136719	35817.027344
2942.766602	36105.167969
2941.395508	36112.953125
2940.025391	36291.015625
2938.654297	35826.453125
2937.282227	36385.164063
2935.910156	36037.894531
2934.538086	36442.621094
2933.166016	36452.117188
2931.792969	36251.343750
2930.419922	36312.058594
2929.046875	36299.640625
2927.672852	36285.394531
2926.298828	36340.566406
2924.923828	36662.328125
2923.549805	36273.718750
2922.173828	36555.179688
2920.798828	36427.730469
2919.422852	36375.140625
2918.046875	36683.718750
2916.670898	36674.847656
2915.293945	36534.714844
2913.916992	36664.402344
2912.539063	36551.664063
2911.161133	36524.601563
2909.783203	36723.394531
2908.404297	36796.445313
2907.026367	36794.816406
2905.646484	36729.488281
2904.267578	36789.734375
2902.887695	36957.277344
2901.507813	36748.265625
2900.126953	36888.457031
2898.746094	36854.062500
2897.365234	37159.531250
2895.983398	36934.308594
2894.601563	37466.660156
2893.219727	36742.050781
2891.836914	36691.378906
2890.454102	36816.796875
2889.071289	36987.515625
2887.687500	36945.878906
2886.303711	37181.773438
2884.919922	36987.777344
2883.535156	37230.792969
2882.150391	37103.933594
2880.765625	37406.593750
2879.379883	36973.578125
2877.994141	37210.910156
2876.608398	37024.410156
2875.221680	37439.019531
2873.834961	37324.937500
2872.447266	37002.828125
2871.059570	37259.742188
2869.671875	37015.562500
2868.284180	37212.675781
2866.895508	37606.726563
2865.506836	37002.988281
2864.117188	37115.031250
2862.727539	37069.863281
2861.337891	37084.304688
2859.947266	37337.058594
2858.556641	37026.519531
2857.166016	37019.296875
2855.775391	37390.945313
2854.383789	37205.062500
2852.991211	36992.214844
2851.599609	36983.191406
2850.207031	37186.847656
2848.813477	36835.398438
2847.419922	36732.730469
2846.026367	37129.000000
2844.632813	36914.660156
2843.238281	36749.027344
2841.843750	36819.238281
2840.449219	36932.593750
2839.053711	36452.261719
2837.658203	36801.238281
2836.261719	36664.585938
2834.865234	36565.742188
2833.468750	36610.710938
2832.072266	36709.554688
2830.674805	36519.152344
2829.276367	36650.289063
2827.878906	36657.476563
2826.480469	36858.503906
2825.082031	36539.035156
2823.682617	36922.980469
2822.283203	36711.261719
2820.882813	36736.335938
2819.483398	36501.453125
2818.083008	36492.507813
2816.681641	36856.261719
2815.281250	36759.449219
2813.878906	36841.773438
2812.477539	36789.765625
2811.075195	36377.972656
2809.672852	36662.546875
2808.269531	36390.539063
2806.866211	36426.324219
2805.462891	36553.292969
2804.059570	36991.289063
2802.655273	36671.191406
2801.250000	36558.539063
2799.845703	36899.722656
2798.440430	36756.695313
2797.034180	36915.519531
2795.628906	36988.566406
2794.222656	36824.195313
2792.815430	36831.199219
2791.408203	36558.117188
2790.000977	36839.835938
2788.593750	36919.925781
2787.185547	36589.968750
2785.777344	36757.402344
2784.368164	36833.875000
2782.958984	37035.000000
2781.549805	36803.273438
2780.140625	36794.210938
2778.730469	36696.148438
2777.319336	36966.496094
2775.909180	37218.914063
2774.497070	37006.972656
2773.085938	37090.320313
2771.673828	37050.953125
2770.261719	37335.078125
2768.849609	37057.558594
2767.436523	37295.347656
2766.023438	37346.531250
2764.609375	37296.476563
2763.195313	36706.792969
2761.781250	37084.621094
2760.367188	37197.890625
2758.952148	37275.625000
2757.536133	37305.433594
2756.121094	37329.906250
2754.705078	37132.792969
2753.288086	37460.316406
2751.871094	37362.472656
2750.454102	37464.824219
2749.037109	37375.878906
2747.619141	37456.921875
2746.201172	37596.332031
2744.782227	37477.324219
2743.363281	37659.109375
2741.944336	37568.433594
2740.524414	37424.757813
2739.104492	37459.683594
2737.684570	37710.203125
2736.263672	38056.000000
2734.842773	37873.464844
2733.421875	37860.554688
2732.000000	37877.656250
2730.578125	37808.257813
2729.155273	37781.242188
2727.733398	37752.468750
2726.309570	37774.859375
2724.886719	37714.355469
2723.462891	37891.871094
2722.038086	37789.062500
2720.614258	37862.500000
2719.189453	37680.472656
2717.763672	37531.988281
2716.338867	37769.171875
2714.912109	37932.304688
2713.486328	37653.632813
2712.059570	37939.859375
2710.632813	38020.144531
2709.205078	37743.402344
2707.777344	37785.011719
2706.349609	37851.199219
2704.920898	37966.554688
2703.492188	37888.605469
2702.063477	38190.058594
2700.633789	37911.906250
2699.204102	38176.332031
2697.774414	37826.359375
2696.343750	38029.253906
2694.912109	38002.250000
2693.481445	37915.628906
2692.049805	38440.945313
2690.618164	38114.109375
2689.185547	38095.855469
2687.752930	38303.617188
2686.319336	38369.390625
2684.886719	38203.984375
2683.453125	38129.691406
2682.018555	38039.679688
2680.583984	38070.445313
2679.149414	37907.007813
2677.713867	38567.398438
2676.278320	38384.679688
2674.842773	38488.730469
2673.406250	37900.667969
2671.969727	38006.527344
2670.533203	38395.304688
2669.095703	38216.328125
2667.658203	38194.570313
2666.219727	37919.726563
2664.781250	38130.128906
2663.342773	38247.960938
2661.903320	38266.316406
2660.463867	38192.242188
2659.024414	38379.687500
2657.583984	38249.843750
2656.143555	38189.753906
2654.703125	38168.015625
2653.261719	38210.718750
2651.820313	38509.335938
2650.377930	38278.644531
2648.935547	38528.363281
2647.493164	38381.281250
2646.049805	38256.882813
2644.606445	38311.648438
2643.162109	38368.121094
2641.718750	38587.937500
2640.273438	38515.726563
2638.829102	38354.945313
2637.383789	38348.816406
2635.938477	38542.355469
2634.492188	38537.910156
2633.045898	38956.906250
2631.598633	38730.269531
2630.152344	38658.117188
2628.705078	38769.816406
2627.256836	39004.546875
2625.808594	38892.503906
2624.360352	38808.242188
2622.911133	39096.476563
2621.461914	38655.414063
2620.012695	38950.460938
2618.562500	38556.386719
2617.112305	38960.335938
2615.661133	38981.699219
2614.210938	38759.152344
2612.758789	39152.355469
2611.307617	39194.390625
2609.855469	39042.812500
2608.402344	39143.597656
2606.950195	39271.972656
2605.496094	39094.570313
2604.042969	39005.312500
2602.588867	39138.792969
2601.134766	38778.601563
2599.679688	38654.972656
2598.224609	38981.628906
2596.769531	39095.992188
2595.313477	39101.675781
2593.857422	39202.156250
2592.401367	38921.738281
2590.944336	39189.320313
2589.486328	39048.554688
2588.029297	39243.636719
2586.571289	39035.781250
2585.112305	38635.261719
2583.654297	38790.714844
2582.195313	39109.507813
2580.735352	38872.644531
2579.275391	39385.535156
2577.815430	39303.414063
2576.354492	39056.355469
2574.893555	39053.382813
2573.432617	39053.843750
2571.970703	39068.039063
2570.508789	39001.531250
2569.045898	38844.089844
2567.583984	38981.859375
2566.120117	39265.371094
2564.657227	39238.312500
2563.193359	39223.265625
2561.728516	38981.953125
2560.263672	39268.589844
2558.798828	39251.820313
2557.333984	39130.570313
2555.868164	38963.144531
2554.402344	39020.070313
2552.935547	39138.582031
2551.468750	39258.742188
2550.000977	38790.347656
2548.534180	39156.808594
2547.065430	39321.312500
2545.597656	39186.585938
2544.128906	39168.132813
2542.659180	38806.265625
2541.190430	38953.597656
2539.720703	39266.496094
2538.250000	38896.332031
2536.779297	39130.566406
2535.308594	39124.078125
2533.836914	39114.175781
2532.365234	38885.968750
2530.893555	38990.363281
2529.420898	39200.394531
2527.948242	38902.449219
2526.475586	39243.582031
2525.001953	39041.160156
2523.527344	39305.441406
2522.053711	39452.113281
2520.579102	39193.609375
2519.103516	39445.730469
2517.627930	39097.191406
2516.152344	39327.089844
2514.675781	39616.378906
2513.199219	39560.433594
2511.722656	39202.003906
2510.245117	39384.054688
2508.767578	39154.941406
2507.290039	39055.000000
2505.811523	39515.371094
2504.333008	39462.906250
2502.853516	39532.644531
2501.374023	39332.601563
2499.893555	39329.398438
2498.414063	39390.628906
2496.932617	39467.078125
2495.452148	39309.609375
2493.970703	39303.011719
2492.488281	39350.617188
2491.006836	39438.839844
2489.524414	39738.636719
2488.041016	39364.628906
2486.557617	39662.593750
2485.074219	39334.464844
2483.589844	39901.195313
2482.105469	39407.460938
2480.621094	39747.355469
2479.135742	39857.238281
2477.650391	39521.007813
2476.164063	39657.906250
2474.677734	39776.156250
2473.191406	39847.070313
2471.704102	39820.046875
2470.216797	39587.167969
2468.728516	39841.945313
2467.240234	40030.816406
2465.751953	39798.050781
2464.262695	39831.738281
2462.773438	39947.988281
2461.283203	40311.847656
2459.793945	39885.519531
2458.302734	39794.523438
2456.812500	39929.167969
2455.321289	39999.777344
2453.829102	40035.011719
2452.336914	40443.691406
2450.844727	39856.500000
2449.351563	40180.937500
2447.858398	40091.679688
2446.365234	40089.855469
2444.871094	40108.187500
2443.376953	39886.308594
2441.882813	39955.054688
2440.387695	39963.324219
2438.891602	39956.476563
2437.395508	40263.414063
2435.899414	40286.683594
2434.403320	40323.355469
2432.906250	40022.984375
2431.409180	39967.500000
2429.911133	40114.816406
2428.413086	40181.636719
2426.914063	40173.042969
2425.416016	39899.867188
2423.916016	40157.531250
2422.416992	40304.589844
2420.916992	40162.097656
2419.416016	39865.769531
2417.915039	40183.367188
2416.414063	40278.425781
2414.912109	40584.046875
2413.410156	40040.570313
2411.908203	40098.820313
2410.405273	40315.718750
2408.902344	39761.027344
2407.398438	40064.699219
2405.894531	40002.703125
2404.390625	39823.933594
2402.885742	40157.375000
2401.380859	39835.226563
2399.875977	40125.136719
2398.370117	40319.882813
2396.863281	40239.558594
2395.356445	40304.218750
2393.849609	39919.132813
2392.342773	39918.894531
2390.834961	40293.214844
2389.327148	40251.261719
2387.818359	40770.054688
2386.309570	40084.238281
2384.799805	40514.660156
2383.290039	40068.667969
2381.780273	40146.484375
2380.269531	40240.875000
2378.758789	40333.550781
2377.248047	40354.757813
2375.736328	40319.492188
2374.223633	40405.425781
2372.711914	40131.175781
2371.199219	40198.851563
2369.685547	40105.593750
2368.171875	40191.476563
2366.658203	40754.792969
2365.143555	40336.582031
2363.628906	40395.816406
2362.114258	40284.382813
2360.598633	40477.742188
2359.083008	40538.539063
2357.566406	40226.847656
2356.049805	40254.570313
2354.532227	40474.195313
2353.014648	40445.593750
2351.497070	40541.027344
2349.978516	40489.273438
2348.459961	40581.332031
2346.941406	40501.492188
2345.421875	40915.625000
2343.902344	40485.609375
2342.381836	40485.097656
2340.861328	40298.054688
2339.340820	40314.089844
2337.819336	40608.929688
2336.296875	40713.933594
2334.775391	40503.921875
2333.252930	40669.890625
2331.729492	40415.492188
2330.206055	40719.792969
2328.682617	40462.210938
2327.158203	40660.937500
2325.633789	40686.683594
2324.109375	40338.769531
2322.583984	40639.386719
2321.057617	40875.687500
2319.532227	40567.453125
2318.005859	40598.101563
2316.478516	40666.542969
2314.951172	40731.656250
2313.423828	40818.089844
2311.895508	40469.183594
2310.367188	40665.660156
2308.838867	40563.230469
2307.309570	40812.097656
2305.779297	40772.031250
2304.250000	40554.804688
2302.718750	40714.906250
2301.188477	40720.792969
2299.657227	40380.796875
2298.125000	40539.167969
2296.593750	40769.542969
2295.061523	40639.441406
2293.528320	40344.015625
2291.995117	40446.554688
2290.461914	40303.535156
2288.927734	40443.660156
2287.393555	40515.000000
2285.858398	40864.324219
2284.323242	40752.394531
2282.788086	40869.355469
2281.251953	40564.644531
2279.715820	40732.234375
2278.178711	40514.273438
2276.641602	40542.984375
2275.103516	40454.140625
2273.566406	40557.921875
2272.027344	40371.214844
2270.489258	40305.312500
2268.950195	40555.808594
2267.410156	40545.316406
2265.870117	40650.546875
2264.330078	40785.054688
2262.789063	40629.507813
2261.248047	40231.367188
2259.706055	40558.000000
2258.165039	41027.707031
2256.622070	40743.679688
2255.079102	40863.285156
2253.536133	40525.761719
2251.993164	40552.667969
2250.449219	40441.367188
2248.904297	40612.921875
2247.359375	40522.781250
2245.814453	40130.531250
2244.269531	40457.929688
2242.723633	40395.488281
2241.176758	40907.687500
2239.629883	40890.589844
2238.083008	40717.753906
2236.535156	41195.394531
2234.987305	40575.023438
2233.439453	40833.601563
2231.890625	40703.082031
2230.340820	40783.257813
2228.791992	41103.121094
2227.242188	40786.386719
2225.691406	40782.281250
2224.140625	40910.894531
2222.589844	40854.968750
2221.038086	41015.843750
2219.486328	40916.242188
2217.933594	40638.832031
2216.380859	41046.945313
2214.828125	41175.269531
2213.274414	41140.339844
2211.719727	41362.246094
2210.166016	41317.589844
2208.611328	41590.984375
2207.055664	41363.910156
2205.500000	41467.722656
2203.944336	41573.093750
2202.387695	41336.511719
2200.831055	41538.585938
2199.273438	41618.054688
2197.715820	41384.855469
2196.158203	41438.539063
2194.599609	41720.890625
2193.041016	41521.652344
2191.481445	41488.316406
2189.921875	41406.714844
2188.362305	42060.429688
2186.801758	41687.574219
2185.240234	41617.230469
2183.679688	42043.683594
2182.117188	41602.003906
2180.555664	41594.390625
2178.993164	41798.824219
2177.430664	41604.859375
2175.867188	41841.285156
2174.302734	41604.066406
2172.739258	41482.507813
2171.174805	41593.632813
2169.609375	42112.089844
2168.043945	41608.851563
2166.478516	42098.171875
2164.912109	42170.542969
2163.345703	42060.218750
2161.779297	41998.000000
2160.211914	41889.371094
2158.643555	42089.785156
2157.075195	42091.621094
2155.506836	41907.832031
2153.937500	42048.882813
2152.368164	41849.203125
2150.798828	41966.203125
2149.228516	42346.886719
2147.657227	41926.742188
2146.086914	42182.613281
2144.515625	42023.070313
2142.943359	41948.234375
2141.371094	41997.957031
