#Wave		#Intensity
3550.429688	19954.603516
3549.198242	19748.800781
3547.965820	19982.941406
3546.733398	20019.412109
3545.500977	20127.134766
3544.268555	19970.144531
3543.035156	20055.437500
3541.801758	19878.175781
3540.568359	20050.935547
3539.333984	20361.941406
3538.099609	20068.796875
3536.865234	20129.568359
3535.630859	20023.617188
3534.395508	19844.541016
3533.160156	20055.681641
3531.924805	20282.980469
3530.689453	20181.140625
3529.453125	20211.335938
3528.216797	20068.945313
3526.980469	20367.080078
3525.743164	20131.361328
3524.505859	20242.689453
3523.268555	20173.431641
3522.031250	20231.966797
3520.792969	20180.984375
3519.555664	20346.931641
3518.316406	20079.078125
3517.078125	20042.339844
3515.838867	20141.347656
3514.599609	20442.855469
3513.360352	20636.906250
3512.121094	20361.169922
3510.880859	20348.687500
3509.640625	20405.013672
3508.399414	20534.152344
3507.159180	20404.308594
3505.917969	20541.476563
3504.676758	20846.404297
3503.434570	20500.267578
3502.192383	20128.003906
3500.951172	20590.427734
3499.708008	20656.687500
3498.465820	20571.433594
3497.222656	20811.328125
3495.979492	20732.128906
3494.735352	20874.992188
3493.492188	20713.070313
3492.248047	20718.675781
3491.003906	20867.494141
3489.758789	20854.910156
3488.514648	20949.189453
3487.268555	20763.224609
3486.023438	20831.279297
3484.778320	20782.433594
3483.532227	20947.146484
3482.286133	20960.730469
3481.039063	20942.085938
3479.792969	21060.345703
3478.545898	21065.837891
3477.297852	21091.447266
3476.050781	21137.162109
3474.802734	20949.523438
3473.554688	21077.699219
3472.306641	20974.595703
3471.057617	21148.937500
3469.808594	20991.595703
3468.559570	20983.007813
3467.310547	21165.261719
3466.060547	21323.333984
3464.810547	21392.984375
3463.559570	21247.792969
3462.309570	21241.154297
3461.058594	21206.423828
3459.807617	21270.009766
3458.556641	21341.587891
3457.304688	21455.246094
3456.052734	21390.414063
3454.800781	21425.832031
3453.547852	21272.851563
3452.294922	21390.423828
3451.041992	21333.666016
3449.789063	21361.044922
3448.535156	21370.388672
3447.281250	21381.728516
3446.027344	21485.125000
3444.772461	21578.468750
3443.518555	21623.755859
3442.263672	21463.013672
3441.007813	21478.306641
3439.752930	21353.646484
3438.497070	21510.865234
3437.241211	21648.031250
3435.984375	21585.341797
3434.727539	21478.734375
3433.470703	21505.972656
3432.213867	21836.677734
3430.956055	21752.035156
3429.699219	21707.341797
3428.440430	21722.525391
3427.182617	21606.039063
3425.923828	21423.787109
3424.665039	21775.992188
3423.406250	21731.332031
3422.146484	21523.253906
3420.886719	21737.707031
3419.626953	21716.982422
3418.367188	21642.486328
3417.106445	21721.353516
3415.845703	21611.048828
3414.584961	21930.726563
3413.323242	21848.281250
3412.061523	21578.849609
3410.799805	21820.738281
3409.538086	21813.933594
3408.275391	21805.140625
3407.012695	21696.958984
3405.750000	21517.277344
3404.486328	21609.882813
3403.222656	21926.917969
3401.958984	21800.919922
3400.695313	21962.888672
3399.430664	21656.283203
3398.166016	21955.156250
3396.901367	21878.861328
3395.635742	21796.646484
3394.370117	21680.746094
3393.104492	21844.496094
3391.838867	21849.568359
3390.572266	21916.080078
3389.305664	21911.220703
3388.039063	21710.218750
3386.771484	21980.730469
3385.503906	21936.246094
3384.236328	21943.255859
3382.968750	21924.525391
3381.700195	22143.285156
3380.431641	21970.185547
3379.163086	22095.861328
3377.893555	21912.955078
3376.624023	21827.013672
3375.354492	21857.742188
3374.083984	21890.429688
3372.814453	22013.994141
3371.543945	21894.513672
3370.272461	22095.044922
3369.001953	22052.605469
3367.730469	21810.789063
3366.458008	22066.460938
3365.186523	21881.970703
3363.914063	21845.525391
3362.641602	21964.916016
3361.369141	22056.640625
3360.095703	22037.917969
3358.822266	22249.818359
3357.548828	22079.314453
3356.274414	22115.755859
3355.000000	21961.111328
3353.725586	22210.248047
3352.451172	22173.779297
3351.175781	22153.074219
3349.900391	22035.941406
3348.625000	22204.158203
3347.348633	22303.445313
3346.072266	22107.683594
3344.795898	22258.066406
3343.519531	22272.738281
3342.242188	22356.189453
3340.964844	22343.320313
3339.687500	22418.855469
3338.409180	22278.306641
3337.130859	22379.345703
3335.852539	22337.023438
3334.573242	22375.189453
3333.294922	22413.337891
3332.014648	22504.435547
3330.735352	22579.798828
3329.455078	22427.652344
3328.174805	22597.097656
3326.894531	22611.619141
3325.613281	22816.216797
3324.333008	22360.466797
3323.050781	22592.447266
3321.769531	22744.029297
3320.487305	22603.814453
3319.205078	22698.554688
3317.922852	22638.646484
3316.639648	22707.894531
3315.356445	22698.865234
3314.073242	23000.791016
3312.789063	22899.796875
3311.505859	22726.519531
3310.220703	22940.281250
3308.936523	22946.826172
3307.651367	22894.763672
3306.366211	23075.132813
3305.081055	22724.312500
3303.794922	22875.351563
3302.508789	23133.662109
3301.222656	22911.841797
3299.936523	22932.023438
3298.649414	22907.333984
3297.362305	23015.248047
3296.074219	23076.324219
3294.787109	23267.957031
3293.499023	23104.849609
3292.209961	22949.607422
3290.921875	23113.863281
3289.632813	23285.830078
3288.343750	23257.191406
3287.053711	23271.382813
3285.763672	23338.107422
3284.473633	22996.234375
3283.183594	23298.343750
3281.892578	23592.533203
3280.601563	23468.580078
3279.310547	23340.792969
3278.018555	23768.855469
3276.726563	23475.908203
3275.434570	23400.644531
3274.142578	23465.238281
3272.849609	23518.150391
3271.556641	23656.445313
3270.262695	23581.199219
3268.969727	23952.240234
3267.675781	23774.146484
3266.380859	23696.978516
3265.086914	23852.511719
3263.791992	23583.447266
3262.497070	23616.833984
3261.201172	23747.083984
3259.905273	23921.824219
3258.609375	23709.142578
3257.313477	23879.935547
3256.016602	23936.433594
3254.719727	24109.027344
3253.422852	23851.982422
3252.125000	24012.902344
3250.827148	23885.574219
3249.529297	24040.607422
3248.230469	23936.523438
3246.931641	23940.716797
3245.632813	24093.691406
3244.333984	24151.931641
3243.034180	24080.740234
3241.734375	24092.609375
3240.434570	23963.542969
3239.133789	24347.933594
3237.833008	24240.087891
3236.532227	24041.617188
3235.230469	24051.541016
3233.928711	23924.546875
3232.626953	24264.150391
3231.325195	24208.476563
3230.022461	24260.734375
3228.719727	24212.785156
3227.416016	24372.875000
3226.112305	24731.232422
3224.808594	24463.724609
3223.504883	24463.882813
3222.200195	24506.373047
3220.895508	24416.091797
3219.590820	24256.605469
3218.286133	24633.708984
3216.980469	24405.029297
3215.673828	24341.753906
3214.368164	24461.064453
3213.061523	24563.025391
3211.754883	24463.253906
3210.448242	24505.632813
3209.140625	24667.023438
3207.833008	24782.267578
3206.525391	24444.568359
3205.216797	24600.097656
3203.908203	24490.847656
3202.599609	24423.835938
3201.290039	24690.455078
3199.980469	24845.773438
3198.670898	24437.601563
3197.360352	24728.933594
3196.050781	24612.126953
3194.740234	24548.994141
3193.428711	24547.154297
3192.117188	24836.263672
3190.805664	24694.652344
3189.494141	24643.027344
3188.181641	24809.486328
3186.869141	24780.800781
3185.556641	24648.880859
3184.243164	24754.046875
3182.929688	24981.468750
3181.616211	24633.685547
3180.302734	24543.935547
3178.988281	24729.226563
3177.673828	24862.876953
3176.358398	24922.017578
3175.042969	24710.134766
3173.727539	24904.744141
3172.412109	24742.552734
3171.095703	24755.886719
3169.779297	24727.265625
3168.462891	24805.400391
3167.145508	25009.277344
3165.828125	24694.812500
3164.510742	24643.361328
3163.192383	24969.009766
3161.874023	24788.042969
3160.555664	24761.343750
3159.236328	24883.097656
3157.917969	24873.507813
3156.597656	25023.707031
3155.278320	24962.736328
3153.958008	25097.628906
3152.637695	25203.941406
3151.316406	24952.917969
3149.996094	24977.507813
3148.674805	25100.863281
3147.352539	25188.074219
3146.031250	24827.152344
3144.708984	24996.005859
3143.385742	25151.492188
3142.063477	25293.623047
3140.740234	25137.869141
3139.416016	24904.429688
3138.092773	25171.648438
3136.768555	25251.076172
3135.444336	25108.732422
3134.119141	25004.345703
3132.793945	25294.011719
3131.468750	25130.916016
3130.143555	25244.328125
3128.817383	25306.574219
3127.491211	25277.949219
3126.164063	25135.812500
3124.836914	25419.349609
3123.509766	25298.044922
3122.182617	25458.507813
3120.854492	25573.529297
3119.526367	25669.593750
3118.198242	25489.759766
3116.869141	25646.240234
3115.540039	25470.269531
3114.210938	25515.279297
3112.880859	25375.279297
3111.550781	25584.470703
3110.220703	25489.794922
3108.889648	25723.376953
3107.559570	25613.621094
3106.227539	25635.894531
3104.896484	25846.648438
3103.564453	25686.052734
3102.232422	25943.792969
3100.899414	25732.384766
3099.566406	25844.982422
3098.233398	25825.730469
3096.900391	25872.367188
3095.566406	25973.552734
3094.232422	25941.105469
3092.897461	25818.384766
3091.563477	26015.410156
3090.228516	26022.451172
3088.892578	26053.921875
3087.556641	26329.671875
3086.220703	26220.140625
3084.884766	26319.152344
3083.547852	26181.501953
3082.210938	26314.265625
3080.874023	26293.048828
3079.536133	26183.640625
3078.198242	26306.919922
3076.860352	26206.933594
3075.521484	26292.638672
3074.182617	26209.570313
3072.843750	26418.937500
3071.504883	26581.353516
3070.165039	26288.439453
3068.824219	26091.183594
3067.484375	26309.730469
3066.143555	26554.382813
3064.802734	26463.882813
3063.460938	26927.312500
3062.119141	26561.751953
3060.777344	26660.212891
3059.435547	26599.679688
3058.092773	26722.382813
3056.750000	26811.382813
3055.406250	26842.410156
3054.062500	27058.367188
3052.718750	26980.988281
3051.375000	26668.365234
3050.030273	26856.199219
3048.685547	26803.177734
3047.339844	26789.363281
3045.995117	26717.720703
3044.649414	27024.716797
3043.302734	26975.423828
3041.956055	27185.269531
3040.609375	27288.781250
3039.262695	26956.230469
3037.915039	27184.552734
3036.567383	27135.265625
3035.219727	27024.552734
3033.871094	26960.427734
3032.522461	27058.244141
3031.173828	27286.255859
3029.824219	27049.107422
3028.474609	27388.591797
3027.124023	27012.078125
3025.774414	27225.001953
3024.423828	27151.623047
3023.072266	27368.123047
3021.721680	27144.277344
3020.370117	27375.527344
3019.017578	27458.128906
3017.666016	27076.636719
3016.313477	27148.130859
3014.959961	27319.775391
3013.607422	27194.552734
3012.253906	27477.367188
3010.899414	27326.205078
3009.545898	27506.900391
3008.191406	27459.572266
3006.835938	27410.412109
3005.481445	27502.041016
3004.125977	27282.523438
3002.770508	27420.417969
3001.414063	27693.359375
3000.057617	27559.064453
2998.701172	27657.935547
2997.343750	27758.605469
2995.986328	27618.833984
2994.628906	27449.548828
2993.270508	27322.851563
2991.912109	27595.339844
2990.553711	27507.457031
2989.194336	27526.734375
2987.834961	27594.009766
2986.475586	27598.484375
2985.115234	27619.562500
2983.754883	27945.082031
2982.394531	27698.576172
2981.034180	27704.853516
2979.672852	28127.833984
2978.310547	27756.101563
2976.949219	27668.361328
2975.586914	27748.328125
2974.223633	27912.988281
2972.861328	27803.164063
2971.498047	27919.857422
2970.134766	27957.337891
2968.770508	27945.109375
2967.406250	28098.472656
2966.041992	28196.574219
2964.676758	27948.898438
2963.311523	28192.230469
2961.946289	28404.193359
2960.580078	28546.220703
2959.213867	28329.917969
2957.847656	28192.699219
2956.480469	28345.683594
2955.113281	28379.259766
2953.746094	28341.232422
2952.377930	28697.748047
2951.009766	28584.439453
2949.641602	28524.371094
2948.272461	28469.830078
2946.903320	28620.636719
2945.534180	28619.244141
2944.164063	28681.982422
2942.793945	28647.595703
2941.423828	28752.414063
2940.052734	28939.576172
2938.681641	28923.449219
2937.309570	29191.000000
2935.938477	29189.451172
2934.566406	28975.705078
2933.193359	29030.896484
2931.821289	29325.576172
2930.447266	29256.349609
2929.074219	29227.359375
2927.700195	29392.048828
2926.326172	29335.632813
2924.952148	29536.734375
2923.577148	29586.197266
2922.202148	29469.531250
2920.826172	29504.382813
2919.451172	29712.533203
2918.074219	29681.640625
2916.698242	29399.109375
2915.321289	29397.468750
2913.944336	29476.023438
2912.567383	29499.869141
2911.189453	29627.542969
2909.810547	29829.826172
2908.432617	29733.380859
2907.053711	29913.689453
2905.674805	29857.304688
2904.294922	29997.457031
2902.915039	29815.554688
2901.535156	30172.068359
2900.155273	30139.298828
2898.774414	29899.314453
2897.392578	29952.039063
2896.011719	30110.115234
2894.629883	30046.501953
2893.248047	30095.509766
2891.865234	29852.177734
2890.482422	30066.384766
2889.099609	30505.507813
2887.715820	30162.458984
2886.332031	30358.285156
2884.948242	30554.013672
2883.563477	30432.375000
2882.178711	30269.103516
2880.792969	30486.445313
2879.408203	30560.558594
2878.022461	30245.224609
2876.635742	30409.892578
2875.249023	30498.443359
2873.862305	30601.427734
2872.475586	30494.462891
2871.087891	30631.763672
2869.700195	30298.767578
2868.311523	30307.664063
2866.923828	30524.437500
2865.534180	30547.726563
2864.145508	30686.634766
2862.755859	30820.054688
2861.366211	30612.087891
2859.975586	30691.291016
2858.584961	30645.904297
2857.194336	30674.523438
2855.802734	30730.189453
2854.411133	30643.330078
2853.019531	30715.199219
2851.626953	30887.988281
2850.234375	31103.947266
2848.841797	30707.132813
2847.448242	30582.539063
2846.054688	30313.914063
2844.661133	30612.619141
2843.266602	30439.523438
2841.872070	30655.255859
2840.476563	30662.160156
2839.082031	30595.302734
2837.686523	30648.970703
2836.290039	30657.660156
2834.893555	30623.199219
2833.497070	30552.810547
2832.099609	30732.189453
2830.703125	30527.083984
2829.304688	30413.662109
2827.907227	30725.791016
2826.508789	30562.111328
2825.109375	30558.216797
2823.710938	30487.941406
2822.311523	30641.896484
2820.911133	30844.189453
2819.511719	30677.080078
2818.111328	30617.583984
2816.709961	30828.683594
2815.308594	30582.869141
2813.907227	30596.861328
2812.505859	30716.484375
2811.103516	30988.203125
2809.701172	30701.414063
2808.297852	30931.845703
2806.894531	31079.876953
2805.491211	30696.697266
2804.087891	30875.101563
2802.683594	31228.583984
2801.278320	31208.404297
2799.874023	31064.957031
2798.468750	31010.884766
2797.062500	30905.050781
2795.657227	30920.662109
2794.250977	31139.732422
2792.843750	31053.564453
2791.437500	30929.970703
2790.029297	31268.361328
2788.622070	31178.648438
2787.213867	31244.064453
2785.805664	31232.810547
2784.396484	31326.681641
2782.988281	31418.722656
2781.578125	31489.343750
2780.168945	31552.806641
2778.758789	31618.013672
2777.347656	31587.089844
2775.937500	31734.089844
2774.526367	31605.318359
2773.114258	31622.423828
2771.703125	31500.847656
2770.290039	31853.884766
2768.877930	32013.058594
2767.464844	31710.265625
2766.051758	32071.859375
2764.637695	31996.472656
2763.224609	32031.179688
2761.809570	31810.304688
2760.395508	31983.429688
2758.980469	31918.767578
2757.564453	32120.148438
2756.149414	32243.414063
2754.733398	32145.048828
2753.316406	32496.843750
2751.900391	31976.800781
2750.483398	32209.783203
2749.065430	32502.853516
2747.647461	32698.406250
2746.229492	32474.390625
2744.811523	32459.279297
2743.392578	32553.853516
2741.972656	32616.541016
2740.553711	33050.511719
2739.133789	32618.076172
2737.712891	32744.314453
2736.292969	32686.734375
2734.872070	32844.683594
2733.450195	33014.910156
2732.028320	32854.894531
2730.606445	32834.398438
2729.184570	33092.722656
2727.761719	32985.726563
2726.338867	32790.585938
2724.915039	32965.843750
2723.491211	32890.679688
2722.067383	33263.214844
2720.642578	33173.910156
2719.217773	32910.246094
2717.792969	33210.281250
2716.367188	33434.457031
2714.941406	33449.039063
2713.514648	33305.226563
2712.088867	33193.148438
2710.661133	33378.394531
2709.234375	33234.691406
2707.806641	33419.828125
2706.378906	33610.140625
2704.950195	33638.687500
2703.521484	33405.457031
2702.091797	33564.003906
2700.663086	33657.503906
2699.233398	33540.292969
2697.802734	33459.992188
2696.372070	33707.839844
2694.941406	33666.125000
2693.509766	33433.269531
2692.078125	33603.781250
2690.646484	33679.554688
2689.214844	33632.617188
2687.781250	33575.183594
2686.348633	33720.957031
2684.915039	33686.292969
2683.481445	33984.269531
2682.047852	33846.281250
2680.613281	34124.816406
2679.178711	34305.242188
2677.743164	34324.671875
2676.307617	34150.003906
2674.872070	34113.519531
2673.435547	34096.269531
2671.999023	34138.433594
2670.561523	34515.949219
2669.125000	34182.519531
2667.686523	34278.742188
2666.249023	34416.800781
2664.810547	34553.046875
2663.372070	34429.273438
2661.932617	34427.652344
2660.493164	34579.472656
2659.053711	34356.410156
2657.613281	34513.394531
2656.172852	34513.484375
2654.731445	34729.570313
2653.291016	34686.058594
2651.848633	34743.546875
2650.407227	34881.074219
2648.964844	34846.246094
2647.521484	34672.250000
2646.079102	35011.445313
2644.635742	34950.515625
2643.191406	34877.445313
2641.747070	34767.906250
2640.302734	35077.187500
2638.858398	34971.121094
2637.413086	35142.984375
2635.967773	35184.535156
2634.521484	34884.093750
2633.075195	35045.429688
2631.627930	35336.800781
2630.181641	35517.015625
2628.733398	35580.945313
2627.286133	35429.859375
2625.837891	35469.507813
2624.389648	35632.164063
2622.940430	35514.085938
2621.491211	35934.703125
2620.041992	35638.253906
2618.591797	35719.328125
2617.141602	35873.046875
2615.690430	35763.687500
2614.240234	35893.093750
2612.788086	35830.468750
2611.336914	36220.851563
2609.884766	35943.839844
2608.431641	36116.257813
2606.979492	36015.617188
2605.525391	36213.832031
2604.072266	36266.890625
2602.618164	36071.335938
2601.164063	36176.175781
2599.708984	36129.117188
2598.253906	36285.632813
2596.798828	36221.320313
2595.342773	36601.867188
2593.886719	36608.171875
2592.430664	36574.835938
2590.973633	36682.785156
2589.516602	36489.253906
2588.058594	36686.703125
2586.600586	36946.027344
2585.142578	36647.578125
2583.683594	36672.761719
2582.224609	36494.941406
2580.764648	37017.167969
2579.304688	36988.929688
2577.844727	36785.367188
2576.383789	36908.421875
2574.923828	36978.148438
2573.461914	36932.757813
2572.000000	36901.121094
2570.538086	37010.273438
2569.076172	37074.742188
2567.613281	37097.992188
2566.150391	36956.539063
2564.686523	37298.796875
2563.222656	36944.746094
2561.758789	37374.253906
2560.293945	37279.128906
2558.829102	37365.664063
2557.363281	37207.207031
2555.897461	37442.691406
2554.431641	37342.496094
2552.964844	37365.582031
2551.498047	37491.324219
2550.031250	37546.855469
2548.563477	37557.890625
2547.095703	37724.511719
2545.626953	37434.628906
2544.158203	37575.554688
2542.689453	37484.042969
2541.219727	37553.136719
2539.750000	37442.882813
2538.280273	37706.574219
2536.809570	37693.621094
2535.337891	37953.691406
2533.867188	37568.773438
2532.395508	37446.699219
2530.922852	37805.519531
2529.451172	37584.566406
2527.978516	37997.703125
2526.504883	37911.406250
2525.031250	38015.929688
2523.557617	38040.355469
2522.083008	38252.042969
2520.608398	37978.527344
2519.133789	37974.007813
2517.658203	38144.710938
2516.182617	38107.828125
2514.706055	38492.648438
2513.229492	38199.000000
2511.752930	38219.902344
2510.275391	38188.117188
2508.797852	38310.921875
2507.319336	38141.570313
2505.840820	38612.359375
2504.362305	38663.664063
2502.882813	38382.343750
2501.403320	38676.269531
2499.923828	38420.523438
2498.443359	38458.242188
2496.962891	38394.230469
2495.481445	38859.007813
2494.000000	38803.390625
2492.518555	39008.656250
2491.036133	39125.750000
2489.553711	39127.660156
2488.071289	39193.878906
2486.587891	39559.578125
2485.103516	39224.707031
2483.620117	39488.722656
2482.135742	39312.972656
2480.650391	39387.496094
2479.165039	39348.746094
2477.679688	39370.835938
2476.194336	39497.640625
2474.708008	39045.140625
2473.220703	39318.839844
2471.733398	39575.511719
2470.246094	39673.433594
2468.758789	39617.781250
2467.270508	39681.902344
2465.782227	40079.843750
2464.292969	39914.546875
2462.803711	39901.007813
2461.313477	39946.441406
2459.823242	39910.996094
2458.333008	40077.644531
2456.841797	40207.164063
2455.350586	39941.074219
2453.859375	40176.570313
2452.367188	40492.687500
2450.875000	40314.175781
2449.381836	40142.472656
2447.888672	40655.023438
2446.395508	40387.523438
2444.901367	40617.480469
2443.407227	40738.132813
2441.912109	40504.390625
2440.417969	40729.089844
2438.921875	41032.558594
2437.425781	40728.429688
2435.929688	40842.167969
2434.433594	40607.000000
2432.936523	40767.652344
2431.439453	40965.097656
2429.941406	40852.406250
2428.443359	41182.078125
2426.944336	41186.628906
2425.446289	40728.988281
2423.946289	40690.117188
2422.447266	40852.105469
2420.947266	41372.093750
2419.446289	41416.718750
2417.945313	41364.316406
2416.444336	41198.238281
2414.942383	41100.777344
2413.440430	41471.281250
2411.938477	41223.425781
2410.435547	41209.535156
2408.932617	41170.601563
2407.429688	41198.460938
2405.925781	41495.011719
2404.420898	41065.570313
2402.916016	41598.875000
2401.411133	41384.757813
2399.906250	41494.203125
2398.400391	41870.289063
2396.893555	41854.558594
2395.387695	41707.222656
2393.880859	41430.039063
2392.373047	41727.476563
2390.865234	41883.253906
2389.357422	42300.246094
2387.848633	41983.242188
2386.339844	42150.468750
2384.830078	41900.179688
2383.320313	41874.468750
2381.810547	42239.382813
2380.299805	41778.207031
2378.789063	42152.917969
2377.278320	42138.777344
2375.766602	42373.714844
2374.254883	42334.617188
2372.742188	42388.472656
2371.229492	42570.058594
2369.715820	42643.722656
2368.203125	42515.031250
2366.688477	42757.773438
2365.174805	42438.496094
2363.660156	42470.675781
2362.144531	42415.035156
2360.628906	42430.636719
2359.113281	42923.093750
2357.596680	42965.031250
2356.080078	42548.527344
2354.563477	42595.496094
2353.045898	42655.671875
2351.528320	42732.347656
2350.009766	42942.890625
2348.491211	42869.039063
2346.971680	43006.726563
2345.452148	43109.648438
2343.932617	43032.496094
2342.413086	43051.140625
2340.891602	43102.789063
2339.371094	43185.757813
2337.849609	43618.449219
2336.328125	43158.578125
2334.805664	43436.039063
2333.283203	43324.292969
2331.760742	43542.226563
2330.237305	43166.867188
2328.712891	43480.261719
2327.189453	43632.101563
2325.665039	44090.093750
2324.139648	43556.945313
2322.614258	43412.425781
2321.088867	43499.949219
2319.562500	43485.445313
2318.036133	43809.675781
2316.509766	43586.316406
2314.982422	43915.277344
2313.455078	44009.109375
2311.926758	43728.367188
2310.398438	43938.785156
2308.869141	44224.609375
2307.339844	44091.738281
2305.810547	44132.871094
2304.280273	44270.769531
2302.750000	44283.945313
2301.218750	44408.605469
2299.688477	43667.679688
2298.156250	44297.183594
2296.624023	44316.875000
2295.091797	44642.851563
2293.559570	44275.976563
2292.026367	44552.671875
2290.492188	44501.882813
2288.958984	44272.761719
2287.423828	44442.902344
2285.889648	44112.507813
2284.354492	44596.515625
2282.818359	44410.085938
2281.283203	44558.753906
2279.746094	44950.769531
2278.209961	44779.082031
2276.672852	44664.628906
2275.134766	44724.910156
2273.596680	44685.597656
2272.058594	44540.246094
2270.519531	44589.078125
2268.980469	44831.941406
2267.441406	45051.855469
2265.901367	45019.007813
2264.361328	44940.546875
2262.820313	45199.343750
2261.279297	45218.589844
2259.737305	45011.492188
2258.195313	45681.898438
2256.653320	45478.035156
2255.110352	45303.558594
2253.567383	45324.355469
2252.024414	45657.359375
2250.480469	45639.027344
2248.935547	45406.164063
2247.390625	45374.898438
2245.845703	45454.109375
2244.300781	45570.628906
2242.754883	45867.308594
2241.208008	45983.648438
2239.661133	45854.890625
2238.114258	45701.855469
2236.566406	45696.492188
2235.018555	45871.117188
2233.470703	46415.253906
2231.921875	46336.769531
2230.373047	45931.027344
2228.823242	46212.300781
2227.273438	46563.058594
2225.722656	45968.136719
2224.171875	46202.234375
2222.621094	46224.222656
2221.069336	46597.246094
2219.517578	46444.441406
2217.964844	46477.656250
2216.412109	46709.675781
2214.859375	46573.113281
2213.305664	46806.593750
2211.751953	46797.667969
2210.197266	46782.281250
2208.642578	46737.839844
2207.086914	46874.183594
2205.531250	46771.644531
2203.975586	47101.472656
2202.418945	47142.449219
2200.862305	47075.378906
2199.305664	47077.648438
2197.748047	47239.445313
2196.189453	47488.152344
2194.630859	47205.222656
2193.072266	47299.218750
2191.512695	47512.285156
2189.953125	47647.988281
2188.393555	47825.449219
2186.833008	47914.343750
2185.272461	47999.968750
2183.710938	47899.058594
2182.149414	48055.355469
2180.586914	48020.355469
2179.024414	48128.339844
2177.461914	48538.187500
2175.898438	48419.585938
2174.334961	48386.113281
2172.770508	48140.824219
2171.206055	48590.335938
2169.641602	48415.687500
2168.076172	48518.527344
2166.509766	48470.625000
2164.944336	48119.835938
2163.377930	48714.550781
2161.810547	48570.507813
2160.243164	48288.816406
2158.675781	49044.707031
2157.107422	48542.148438
2155.538086	48932.734375
2153.969727	48822.394531
2152.400391	48502.597656
2150.830078	48780.953125
2149.259766	49063.953125
2147.689453	48921.714844
2146.118164	49236.476563
2144.546875	49123.007813
2142.974609	49360.894531
2141.402344	49046.300781
