#Wave		#Intensity
3550.405273	36416.519531
3549.173828	36084.382813
3547.941406	36673.582031
3546.708984	36370.425781
3545.476563	36635.527344
3544.243164	36637.882813
3543.010742	36788.820313
3541.777344	36467.566406
3540.542969	36343.796875
3539.309570	36626.910156
3538.075195	36521.457031
3536.840820	36462.808594
3535.605469	36629.828125
3534.371094	36339.480469
3533.135742	36697.453125
3531.900391	36323.914063
3530.664063	36799.531250
3529.428711	36505.316406
3528.192383	36428.460938
3526.955078	36455.152344
3525.718750	36323.539063
3524.481445	36530.808594
3523.244141	36784.640625
3522.006836	36888.281250
3520.768555	36450.500000
3519.530273	37052.847656
3518.291992	36671.960938
3517.053711	36518.179688
3515.814453	36635.925781
3514.575195	36605.761719
3513.335938	36905.683594
3512.095703	36936.203125
3510.855469	36687.375000
3509.615234	36497.335938
3508.375000	36989.214844
3507.133789	36791.093750
3505.892578	36884.281250
3504.651367	36779.269531
3503.410156	36949.226563
3502.167969	36724.992188
3500.925781	37141.398438
3499.683594	36892.968750
3498.440430	37183.925781
3497.197266	36753.847656
3495.954102	37179.964844
3494.710938	36996.316406
3493.466797	37083.160156
3492.222656	37030.746094
3490.978516	37038.867188
3489.734375	37170.000000
3488.489258	37153.886719
3487.244141	37137.769531
3485.999023	36954.382813
3484.752930	37385.632813
3483.506836	37252.625000
3482.260742	37274.753906
3481.014648	37021.000000
3479.767578	37278.707031
3478.520508	36994.863281
3477.273438	37326.910156
3476.025391	37399.277344
3474.777344	37206.093750
3473.529297	37451.394531
3472.281250	37274.363281
3471.032227	37316.507813
3469.784180	37416.910156
3468.534180	37579.554688
3467.285156	37493.027344
3466.035156	37368.375000
3464.785156	37448.585938
3463.535156	37305.917969
3462.284180	37578.777344
3461.033203	37251.527344
3459.782227	37379.824219
3458.531250	37530.125000
3457.279297	37718.457031
3456.027344	37285.179688
3454.775391	37489.511719
3453.522461	37691.746094
3452.270508	37451.093750
3451.016602	37721.343750
3449.763672	37504.812500
3448.509766	37732.878906
3447.255859	37444.367188
3446.001953	37446.179688
3444.748047	37664.089844
3443.493164	37507.804688
3442.238281	37457.585938
3440.983398	37799.316406
3439.727539	37529.136719
3438.471680	37323.031250
3437.215820	37880.371094
3435.958984	37418.539063
3434.703125	37773.867188
3433.446289	37180.449219
3432.188477	37581.585938
3430.931641	37461.546875
3429.673828	37606.984375
3428.416016	37660.574219
3427.157227	37664.265625
3425.898438	37340.871094
3424.639648	37546.007813
3423.380859	37276.597656
3422.121094	37409.902344
3420.862305	37871.925781
3419.601563	37516.945313
3418.341797	37526.609375
3417.081055	37410.808594
3415.820313	37812.683594
3414.559570	37784.441406
3413.297852	37338.308594
3412.036133	37497.195313
3410.774414	37598.324219
3409.512695	37757.074219
3408.250000	37430.617188
3406.987305	37627.093750
3405.724609	37290.867188
3404.460938	37340.250000
3403.197266	37588.250000
3401.933594	37383.320313
3400.669922	36971.976563
3399.405273	37160.328125
3398.140625	37414.085938
3396.875977	37429.617188
3395.610352	37377.683594
3394.344727	37779.968750
3393.079102	37410.699219
3391.813477	37372.671875
3390.546875	37148.339844
3389.280273	37262.960938
3388.013672	37110.070313
3386.746094	37426.683594
3385.478516	37319.359375
3384.210938	36976.472656
3382.943359	37310.707031
3381.674805	37407.304688
3380.406250	37729.417969
3379.136719	37307.601563
3377.868164	36974.964844
3376.598633	37472.917969
3375.329102	37537.726563
3374.058594	37333.710938
3372.789063	37339.234375
3371.517578	37186.710938
3370.247070	37320.632813
3368.975586	37055.621094
3367.705078	37219.117188
3366.432617	37260.164063
3365.161133	37583.371094
3363.888672	37069.937500
3362.616211	37324.000000
3361.343750	37177.632813
3360.070313	37512.382813
3358.796875	37060.511719
3357.523438	37322.214844
3356.249023	37266.593750
3354.974609	37116.441406
3353.700195	36972.261719
3352.425781	37151.039063
3351.150391	36774.632813
3349.875000	37167.878906
3348.599609	37413.378906
3347.323242	36972.238281
3346.046875	37030.828125
3344.770508	37004.839844
3343.494141	37222.617188
3342.216797	37310.578125
3340.939453	37370.988281
3339.661133	37439.226563
3338.383789	37071.410156
3337.105469	37371.378906
3335.827148	37402.257813
3334.547852	37580.324219
3333.268555	37440.414063
3331.989258	37388.843750
3330.709961	37329.449219
3329.429688	37291.648438
3328.149414	37434.226563
3326.869141	37118.078125
3325.587891	37662.351563
3324.306641	37563.753906
3323.025391	37267.367188
3321.744141	37564.476563
3320.461914	37411.136719
3319.179688	37467.308594
3317.896484	37200.546875
3316.614258	37604.996094
3315.331055	37301.148438
3314.047852	37460.929688
3312.763672	37804.425781
3311.479492	37451.855469
3310.195313	37498.125000
3308.911133	37503.339844
3307.625977	37524.179688
3306.340820	37783.269531
3305.054688	37515.042969
3303.769531	37854.050781
3302.483398	37921.613281
3301.197266	37950.113281
3299.910156	37375.796875
3298.623047	37681.355469
3297.335938	37663.082031
3296.048828	37736.437500
3294.760742	38008.562500
3293.472656	37994.109375
3292.184570	37782.894531
3290.895508	38317.753906
3289.606445	37880.667969
3288.317383	37640.410156
3287.028320	38120.425781
3285.738281	37679.773438
3284.448242	37850.218750
3283.157227	38026.414063
3281.867188	38192.800781
3280.576172	38366.886719
3279.284180	38292.085938
3277.993164	38063.796875
3276.701172	38470.925781
3275.409180	38085.347656
3274.116211	38055.332031
3272.823242	38501.000000
3271.530273	38288.429688
3270.237305	38304.949219
3268.943359	38521.300781
3267.649414	37975.210938
3266.355469	38176.015625
3265.060547	38312.738281
3263.765625	38486.226563
3262.470703	37915.433594
3261.174805	38526.816406
3259.879883	38217.781250
3258.583008	38726.164063
3257.287109	38558.558594
3255.990234	38431.675781
3254.693359	38525.480469
3253.396484	38545.710938
3252.098633	38080.375000
3250.800781	38336.640625
3249.502930	38501.910156
3248.205078	38255.332031
3246.906250	38397.339844
3245.607422	38597.250000
3244.307617	38433.878906
3243.007813	38652.992188
3241.708008	38661.527344
3240.408203	38853.453125
3239.107422	38848.417969
3237.806641	38607.968750
3236.505859	38575.976563
3235.204102	38613.429688
3233.902344	38444.535156
3232.600586	38659.355469
3231.298828	38671.691406
3229.996094	38321.750000
3228.693359	38596.160156
3227.389648	38733.691406
3226.086914	38665.105469
3224.783203	38484.886719
3223.478516	38812.886719
3222.173828	38686.585938
3220.870117	38766.199219
3219.564453	38611.109375
3218.259766	38523.394531
3216.954102	38852.906250
3215.648438	38467.238281
3214.341797	38800.449219
3213.035156	38432.253906
3211.728516	38394.597656
3210.421875	38598.917969
3209.114258	38735.941406
3207.806641	38381.519531
3206.499023	38549.226563
3205.190430	38507.730469
3203.881836	38381.847656
3202.573242	38480.390625
3201.263672	38507.945313
3199.954102	38684.996094
3198.644531	38453.773438
3197.333984	38496.628906
3196.024414	38436.027344
3194.713867	38528.648438
3193.402344	38613.566406
3192.090820	38388.347656
3190.779297	38647.398438
3189.467773	38278.773438
3188.155273	38478.421875
3186.842773	38651.203125
3185.530273	38082.066406
3184.216797	38562.601563
3182.903320	38567.054688
3181.589844	38575.324219
3180.276367	38682.914063
3178.961914	38729.339844
3177.646484	38468.343750
3176.332031	38396.441406
3175.016602	38725.332031
3173.701172	38687.734375
3172.385742	38356.394531
3171.069336	38414.250000
3169.752930	38319.539063
3168.436523	38137.187500
3167.119141	38490.429688
3165.801758	38279.531250
3164.484375	38080.156250
3163.166016	38657.875000
3161.847656	38054.855469
3160.529297	38365.808594
3159.209961	38642.355469
3157.890625	38414.570313
3156.571289	38257.265625
3155.251953	38088.617188
3153.931641	38545.582031
3152.611328	38589.839844
3151.290039	38531.445313
3149.968750	38146.277344
3148.647461	38420.429688
3147.326172	38730.531250
3146.003906	38448.101563
3144.681641	38357.519531
3143.359375	38352.375000
3142.036133	38324.460938
3140.712891	38510.902344
3139.389648	38215.554688
3138.065430	38191.472656
3136.742188	38269.757813
3135.416992	38149.011719
3134.092773	38479.257813
3132.767578	38472.164063
3131.442383	38203.726563
3130.116211	38291.363281
3128.790039	38329.738281
3127.463867	38309.425781
3126.137695	38075.316406
3124.810547	38433.382813
3123.483398	38562.449219
3122.156250	38481.578125
3120.828125	38419.648438
3119.500000	38216.003906
3118.170898	38299.636719
3116.842773	38592.894531
3115.513672	38436.554688
3114.183594	38905.226563
3112.854492	38165.605469
3111.524414	38547.304688
3110.194336	38472.230469
3108.863281	38385.871094
3107.532227	38241.085938
3106.201172	38520.582031
3104.869141	38368.285156
3103.537109	38638.187500
3102.205078	38902.308594
3100.873047	38414.730469
3099.540039	38808.710938
3098.207031	38285.601563
3096.873047	38519.421875
3095.539063	38662.800781
3094.205078	38666.882813
3092.871094	38834.601563
3091.536133	38757.765625
3090.201172	38620.804688
3088.866211	38444.425781
3087.530273	38803.703125
3086.194336	38751.355469
3084.857422	38920.671875
3083.521484	38830.757813
3082.184570	38780.304688
3080.846680	39048.960938
3079.509766	39019.117188
3078.171875	38891.722656
3076.833008	38910.687500
3075.495117	38700.863281
3074.156250	38693.609375
3072.817383	38843.796875
3071.477539	38684.718750
3070.137695	38975.339844
3068.797852	39003.597656
3067.457031	39119.847656
3066.116211	38968.324219
3064.775391	39056.445313
3063.434570	39024.761719
3062.092773	38886.453125
3060.750977	38944.589844
3059.408203	38890.503906
3058.065430	39380.453125
3056.722656	39307.589844
3055.378906	39126.378906
3054.036133	39373.050781
3052.691406	39208.710938
3051.347656	39255.445313
3050.002930	39182.675781
3048.658203	39264.843750
3047.313477	39156.648438
3045.967773	39365.628906
3044.622070	39421.574219
3043.275391	39423.414063
3041.929688	39195.957031
3040.582031	39263.070313
3039.235352	39274.253906
3037.887695	39488.472656
3036.540039	39264.921875
3035.192383	39032.167969
3033.843750	39024.757813
3032.495117	39315.121094
3031.146484	39261.125000
3029.796875	39155.066406
3028.447266	39454.476563
3027.097656	39329.820313
3025.747070	39125.289063
3024.396484	38982.175781
3023.044922	38898.585938
3021.694336	39058.363281
3020.342773	39372.203125
3018.990234	39340.550781
3017.638672	39325.613281
3016.286133	39334.808594
3014.932617	39225.250000
3013.580078	39028.562500
3012.226563	39527.378906
3010.872070	39176.820313
3009.518555	39276.839844
3008.164063	38720.804688
3006.808594	38898.691406
3005.454102	39091.304688
3004.098633	39096.792969
3002.743164	38931.945313
3001.386719	38794.941406
3000.030273	39331.566406
2998.673828	38992.867188
2997.316406	38889.226563
2995.958984	38883.632813
2994.601563	39075.847656
2993.243164	38968.550781
2991.884766	38748.585938
2990.526367	38964.699219
2989.166992	39027.410156
2987.807617	38659.855469
2986.448242	38526.921875
2985.087891	38724.406250
2983.727539	38739.125000
2982.367188	38436.539063
2981.005859	38973.242188
2979.644531	38764.773438
2978.283203	38829.222656
2976.921875	38823.605469
2975.559570	38799.558594
2974.196289	38924.726563
2972.833984	38812.265625
2971.470703	39047.835938
2970.106445	38467.835938
2968.743164	38661.042969
2967.378906	39130.128906
2966.013672	39085.785156
2964.649414	38791.363281
2963.284180	39017.378906
2961.917969	38991.464844
2960.552734	38862.652344
2959.186523	38785.339844
2957.819336	38858.671875
2956.453125	38649.171875
2955.085938	38841.828125
2953.717773	39076.601563
2952.350586	39116.746094
2950.982422	39358.671875
2949.613281	38907.179688
2948.245117	39253.550781
2946.875977	38972.781250
2945.505859	39313.460938
2944.136719	39184.894531
2942.766602	38858.535156
2941.395508	38955.398438
2940.025391	39257.285156
2938.654297	39242.332031
2937.282227	39132.214844
2935.910156	39508.847656
2934.538086	39358.468750
2933.166016	39530.027344
2931.792969	39770.980469
2930.419922	39284.289063
2929.046875	39382.632813
2927.672852	39517.460938
2926.298828	39557.238281
2924.923828	39514.816406
2923.549805	39505.273438
2922.173828	39858.960938
2920.798828	39498.957031
2919.422852	39695.570313
2918.046875	39609.367188
2916.670898	39528.671875
2915.293945	39686.839844
2913.916992	39706.402344
2912.539063	39744.171875
2911.161133	40051.542969
2909.783203	39621.125000
2908.404297	39735.351563
2907.026367	40293.710938
2905.646484	39479.511719
2904.267578	39899.367188
2902.887695	39727.796875
2901.507813	40087.363281
2900.126953	40146.742188
2898.746094	39646.203125
2897.365234	40341.726563
2895.983398	39763.250000
2894.601563	39875.308594
2893.219727	40034.527344
2891.836914	40090.171875
2890.454102	39917.082031
2889.071289	39883.800781
2887.687500	40095.457031
2886.303711	40303.382813
2884.919922	40083.238281
2883.535156	39875.890625
2882.150391	40364.640625
2880.765625	39950.742188
2879.379883	39705.519531
2877.994141	40221.109375
2876.608398	40082.765625
2875.221680	39960.781250
2873.834961	40244.257813
2872.447266	40104.187500
2871.059570	40139.652344
2869.671875	39983.390625
2868.284180	39725.945313
2866.895508	40197.113281
2865.506836	39749.976563
2864.117188	39902.906250
2862.727539	40057.562500
2861.337891	39632.441406
2859.947266	39803.328125
2858.556641	39663.664063
2857.166016	39796.554688
2855.775391	39721.902344
2854.383789	40170.355469
2852.991211	40099.246094
2851.599609	39723.488281
2850.207031	40126.539063
2848.813477	39812.214844
2847.419922	39717.824219
2846.026367	39796.378906
2844.632813	39806.468750
2843.238281	39708.535156
2841.843750	39855.410156
2840.449219	40011.207031
2839.053711	39432.988281
2837.658203	39595.996094
2836.261719	39169.183594
2834.865234	39682.691406
2833.468750	39376.460938
2832.072266	39383.000000
2830.674805	39439.824219
2829.276367	39417.601563
2827.878906	39142.242188
2826.480469	38971.117188
2825.082031	39227.156250
2823.682617	39560.207031
2822.283203	39213.324219
2820.882813	39375.859375
2819.483398	39364.417969
2818.083008	39482.019531
2816.681641	39585.226563
2815.281250	39353.390625
2813.878906	39395.675781
2812.477539	39199.800781
2811.075195	39195.554688
2809.672852	39314.792969
2808.269531	39319.457031
2806.866211	39218.582031
2805.462891	39158.878906
2804.059570	39372.750000
2802.655273	39364.867188
2801.250000	39337.328125
2799.845703	39199.031250
2798.440430	39175.113281
2797.034180	39358.339844
2795.628906	39284.394531
2794.222656	39221.195313
2792.815430	39031.328125
2791.408203	39155.523438
2790.000977	39582.847656
2788.593750	39319.917969
2787.185547	39331.632813
2785.777344	39111.656250
2784.368164	39454.812500
2782.958984	39322.191406
2781.549805	39056.062500
2780.140625	39017.957031
2778.730469	39407.062500
2777.319336	39632.253906
2775.909180	39060.289063
2774.497070	39276.554688
2773.085938	39201.078125
2771.673828	39347.859375
2770.261719	39407.472656
2768.849609	39074.355469
2767.436523	39343.625000
2766.023438	39266.425781
2764.609375	39549.710938
2763.195313	39813.324219
2761.781250	39634.898438
2760.367188	39523.980469
2758.952148	39581.625000
2757.536133	39437.070313
2756.121094	39693.273438
2754.705078	39878.445313
2753.288086	39742.773438
2751.871094	39663.855469
2750.454102	39453.906250
2749.037109	39206.867188
2747.619141	39577.792969
2746.201172	39544.996094
2744.782227	39745.781250
2743.363281	39633.343750
2741.944336	39768.562500
2740.524414	39739.269531
2739.104492	39333.464844
2737.684570	39645.371094
2736.263672	39902.347656
2734.842773	39745.855469
2733.421875	40075.074219
2732.000000	39796.785156
2730.578125	40039.332031
2729.155273	39912.941406
2727.733398	39647.238281
2726.309570	39656.812500
2724.886719	40019.042969
2723.462891	39506.691406
2722.038086	39593.828125
2720.614258	39677.390625
2719.189453	39945.878906
2717.763672	39765.132813
2716.338867	40095.082031
2714.912109	39895.019531
2713.486328	39714.410156
2712.059570	39602.500000
2710.632813	39694.683594
2709.205078	39883.539063
2707.777344	39836.710938
2706.349609	39960.390625
2704.920898	39983.847656
2703.492188	39722.687500
2702.063477	39739.156250
2700.633789	39950.519531
2699.204102	40112.621094
2697.774414	39721.800781
2696.343750	40311.992188
2694.912109	39837.109375
2693.481445	39530.812500
2692.049805	39605.132813
2690.618164	39535.675781
2689.185547	39664.273438
2687.752930	39994.281250
2686.319336	39859.957031
2684.886719	39723.949219
2683.453125	40104.453125
2682.018555	39849.425781
2680.583984	39897.238281
2679.149414	39738.597656
2677.713867	39975.289063
2676.278320	39898.875000
2674.842773	40081.210938
2673.406250	39826.546875
2671.969727	39986.089844
2670.533203	39766.503906
2669.095703	39875.328125
2667.658203	40315.812500
2666.219727	39775.132813
2664.781250	39780.906250
2663.342773	39788.417969
2661.903320	39935.453125
2660.463867	39679.617188
2659.024414	39647.039063
2657.583984	39970.011719
2656.143555	39841.542969
2654.703125	39735.773438
2653.261719	39565.621094
2651.820313	40278.281250
2650.377930	39998.406250
2648.935547	39522.023438
2647.493164	39783.542969
2646.049805	39820.550781
2644.606445	40094.031250
2643.162109	39767.593750
2641.718750	39479.554688
2640.273438	39989.210938
2638.829102	39841.964844
2637.383789	40082.074219
2635.938477	39945.285156
2634.492188	39877.996094
2633.045898	40036.343750
2631.598633	39733.093750
2630.152344	39702.324219
2628.705078	39839.769531
2627.256836	40091.570313
2625.808594	39871.792969
2624.360352	40217.023438
2622.911133	40167.089844
2621.461914	40046.171875
2620.012695	40323.554688
2618.562500	40292.664063
2617.112305	40286.011719
2615.661133	40339.917969
2614.210938	39990.753906
2612.758789	40262.593750
2611.307617	40126.273438
2609.855469	40256.203125
2608.402344	40308.300781
2606.950195	40090.859375
2605.496094	40293.226563
2604.042969	40360.804688
2602.588867	40117.609375
2601.134766	40347.417969
2599.679688	40102.613281
2598.224609	40144.281250
2596.769531	39941.031250
2595.313477	40293.054688
2593.857422	40151.914063
2592.401367	40160.769531
2590.944336	39974.933594
2589.486328	40044.101563
2588.029297	40300.925781
2586.571289	40118.625000
2585.112305	40093.035156
2583.654297	40065.730469
2582.195313	40047.035156
2580.735352	40095.421875
2579.275391	40322.589844
2577.815430	39819.097656
2576.354492	39900.140625
2574.893555	40091.097656
2573.432617	40014.000000
2571.970703	40156.742188
2570.508789	40103.695313
2569.045898	40064.406250
2567.583984	39922.171875
2566.120117	39956.703125
2564.657227	40299.917969
2563.193359	39626.195313
2561.728516	40031.023438
2560.263672	40158.019531
2558.798828	39824.062500
2557.333984	40100.058594
2555.868164	39920.398438
2554.402344	40009.613281
2552.935547	40037.160156
2551.468750	40045.867188
2550.000977	39934.816406
2548.534180	39784.480469
2547.065430	40121.519531
2545.597656	39684.023438
2544.128906	39920.085938
2542.659180	39657.125000
2541.190430	39513.859375
2539.720703	39783.925781
2538.250000	39695.328125
2536.779297	39721.128906
2535.308594	39579.683594
2533.836914	39992.742188
2532.365234	39858.117188
2530.893555	39839.500000
2529.420898	39844.753906
2527.948242	39896.015625
2526.475586	39589.453125
2525.001953	39874.105469
2523.527344	39782.261719
2522.053711	39472.542969
2520.579102	39583.386719
2519.103516	39689.066406
2517.627930	39634.773438
2516.152344	39549.890625
2514.675781	39281.410156
2513.199219	39582.531250
2511.722656	39735.644531
2510.245117	40072.171875
2508.767578	39628.855469
2507.290039	39555.968750
2505.811523	39486.507813
2504.333008	39544.378906
2502.853516	39899.175781
2501.374023	39836.453125
2499.893555	39799.203125
2498.414063	39906.093750
2496.932617	39806.113281
2495.452148	39882.433594
2493.970703	39838.414063
2492.488281	39702.945313
2491.006836	39826.640625
2489.524414	39565.949219
2488.041016	39880.871094
2486.557617	40241.316406
2485.074219	39821.683594
2483.589844	40044.957031
2482.105469	40073.664063
2480.621094	39874.140625
2479.135742	39977.226563
2477.650391	39943.402344
2476.164063	39814.996094
2474.677734	39622.480469
2473.191406	39944.992188
2471.704102	40135.675781
2470.216797	39582.105469
2468.728516	39847.007813
2467.240234	39875.652344
2465.751953	39985.210938
2464.262695	40066.054688
2462.773438	39851.925781
2461.283203	39902.425781
2459.793945	39804.667969
2458.302734	39772.632813
2456.812500	39956.105469
2455.321289	40168.093750
2453.829102	39683.328125
2452.336914	40085.367188
2450.844727	39970.867188
2449.351563	40152.355469
2447.858398	39947.117188
2446.365234	39844.492188
2444.871094	40004.019531
2443.376953	40089.554688
2441.882813	39709.878906
2440.387695	39892.812500
2438.891602	39948.085938
2437.395508	39988.222656
2435.899414	39766.640625
2434.403320	39987.925781
2432.906250	39778.183594
2431.409180	39799.871094
2429.911133	39990.804688
2428.413086	40094.515625
2426.914063	39821.292969
2425.416016	39712.316406
2423.916016	39611.761719
2422.416992	39784.066406
2420.916992	39604.894531
2419.416016	39937.699219
2417.915039	40002.746094
2416.414063	39850.394531
2414.912109	39761.632813
2413.410156	39754.804688
2411.908203	39804.777344
2410.405273	39889.796875
2408.902344	39789.414063
2407.398438	39480.398438
2405.894531	39508.679688
2404.390625	39470.195313
2402.885742	39850.437500
2401.380859	39963.640625
2399.875977	39566.589844
2398.370117	39549.789063
2396.863281	39401.339844
2395.356445	39542.851563
2393.849609	39604.335938
2392.342773	39677.445313
2390.834961	39622.328125
2389.327148	39841.843750
2387.818359	39798.347656
2386.309570	39482.070313
2384.799805	39526.824219
2383.290039	39373.699219
2381.780273	39341.992188
2380.269531	39466.500000
2378.758789	39664.039063
2377.248047	39926.246094
2375.736328	39711.761719
2374.223633	39440.941406
2372.711914	39465.667969
2371.199219	39548.449219
2369.685547	39797.062500
2368.171875	39650.859375
2366.658203	39798.175781
2365.143555	39900.664063
2363.628906	39573.914063
2362.114258	39295.371094
2360.598633	39548.609375
2359.083008	39839.800781
2357.566406	39897.429688
2356.049805	39165.625000
2354.532227	39574.144531
2353.014648	39649.980469
2351.497070	39390.085938
2349.978516	39381.605469
2348.459961	39698.734375
2346.941406	39719.917969
2345.421875	39623.796875
2343.902344	39871.238281
2342.381836	39433.343750
2340.861328	39269.683594
2339.340820	39581.375000
2337.819336	39472.195313
2336.296875	39580.792969
2334.775391	39471.660156
2333.252930	39492.820313
2331.729492	39780.960938
2330.206055	39579.582031
2328.682617	40042.156250
2327.158203	39771.636719
2325.633789	39265.812500
2324.109375	39347.871094
2322.583984	39377.222656
2321.057617	39223.945313
2319.532227	39297.714844
2318.005859	39422.417969
2316.478516	39410.609375
2314.951172	39497.410156
2313.423828	39571.019531
2311.895508	39463.898438
2310.367188	39399.527344
2308.838867	39121.753906
2307.309570	39211.785156
2305.779297	39551.183594
2304.250000	39362.160156
2302.718750	39445.484375
2301.188477	39587.792969
2299.657227	39115.308594
2298.125000	39506.718750
2296.593750	39103.304688
2295.061523	39466.660156
2293.528320	39038.898438
2291.995117	39364.421875
2290.461914	39211.859375
2288.927734	38867.929688
2287.393555	39355.187500
2285.858398	38893.640625
2284.323242	38947.351563
2282.788086	39151.414063
2281.251953	39343.929688
2279.715820	39163.851563
2278.178711	39272.957031
2276.641602	39287.292969
2275.103516	39437.117188
2273.566406	39338.785156
2272.027344	39043.078125
2270.489258	39010.140625
2268.950195	38887.523438
2267.410156	39035.605469
2265.870117	38978.234375
2264.330078	38829.640625
2262.789063	38905.929688
2261.248047	38980.550781
2259.706055	38947.664063
2258.165039	39085.710938
2256.622070	39199.273438
2255.079102	38894.636719
2253.536133	39231.019531
2251.993164	39041.984375
2250.449219	38856.292969
2248.904297	39182.660156
2247.359375	38930.402344
2245.814453	38658.777344
2244.269531	38874.500000
2242.723633	39056.007813
2241.176758	39003.683594
2239.629883	39217.511719
2238.083008	38976.972656
2236.535156	39138.789063
2234.987305	38789.742188
2233.439453	39076.343750
2231.890625	39072.691406
2230.340820	38858.402344
2228.791992	39104.253906
2227.242188	39021.234375
2225.691406	38902.636719
2224.140625	39043.066406
2222.589844	39183.421875
2221.038086	39305.906250
2219.486328	39520.507813
2217.933594	39096.324219
2216.380859	39086.171875
2214.828125	39129.351563
2213.274414	39250.054688
2211.719727	39031.500000
2210.166016	39150.542969
2208.611328	39140.375000
2207.055664	39653.125000
2205.500000	39324.957031
2203.944336	39484.113281
2202.387695	39506.105469
2200.831055	39618.371094
2199.273438	39419.484375
2197.715820	39348.003906
2196.158203	39552.039063
2194.599609	39330.765625
2193.041016	39463.843750
2191.481445	39419.777344
2189.921875	39588.160156
2188.362305	39347.785156
2186.801758	39500.007813
2185.240234	39460.789063
2183.679688	39357.273438
2182.117188	39539.902344
2180.555664	39376.964844
2178.993164	39461.492188
2177.430664	39473.707031
2175.867188	39391.179688
2174.302734	39104.835938
2172.739258	39710.875000
2171.174805	39370.042969
2169.609375	39356.582031
2168.043945	39556.390625
2166.478516	39754.484375
2164.912109	39341.863281
2163.345703	39538.304688
2161.779297	39588.871094
2160.211914	39389.589844
2158.643555	39372.921875
2157.075195	39173.792969
2155.506836	39320.394531
2153.937500	39377.335938
2152.368164	39296.699219
2150.798828	39583.847656
2149.228516	39576.726563
2147.657227	39467.324219
2146.086914	39287.679688
2144.515625	39397.226563
2142.943359	39315.093750
2141.371094	39250.558594
