#Wave		#Intensity
3550.429688	18827.789063
3549.198242	18778.884766
3547.965820	18974.525391
3546.733398	18939.923828
3545.500977	19068.242188
3544.268555	18781.177734
3543.035156	19027.529297
3541.801758	19332.787109
3540.568359	18820.005859
3539.333984	18891.244141
3538.099609	19157.689453
3536.865234	19169.855469
3535.630859	18960.433594
3534.395508	19184.005859
3533.160156	19295.718750
3531.924805	19147.345703
3530.689453	18944.193359
3529.453125	19317.837891
3528.216797	18934.039063
3526.980469	18970.574219
3525.743164	19059.853516
3524.505859	19025.328125
3523.268555	18903.589844
3522.031250	19023.242188
3520.792969	19286.800781
3519.555664	19185.349609
3518.316406	19300.804688
3517.078125	19081.863281
3515.838867	19059.525391
3514.599609	19227.585938
3513.360352	19393.548828
3512.121094	19373.175781
3510.880859	19221.240234
3509.640625	19247.455078
3508.399414	19253.421875
3507.159180	19382.779297
3505.917969	19388.710938
3504.676758	19342.066406
3503.434570	19416.730469
3502.192383	19250.853516
3500.951172	19458.863281
3499.708008	19396.074219
3498.465820	19389.863281
3497.222656	19266.531250
3495.979492	19587.410156
3494.735352	19494.361328
3493.492188	19365.025391
3492.248047	19750.230469
3491.003906	19626.943359
3489.758789	19564.208984
3488.514648	19523.677734
3487.268555	19628.302734
3486.023438	19648.234375
3484.778320	19625.839844
3483.532227	19458.404297
3482.286133	19599.199219
3481.039063	19615.082031
3479.792969	19838.318359
3478.545898	19530.080078
3477.297852	19517.789063
3476.050781	19809.298828
3474.802734	19690.339844
3473.554688	19814.765625
3472.306641	19730.033203
3471.057617	19607.140625
3469.808594	19775.710938
3468.559570	19950.232422
3467.310547	19871.562500
3466.060547	19829.074219
3464.810547	19688.210938
3463.559570	19810.396484
3462.309570	20006.787109
3461.058594	19890.050781
3459.807617	19959.943359
3458.556641	19941.546875
3457.304688	20005.376953
3456.052734	20031.083984
3454.800781	19934.501953
3453.547852	19946.179688
3452.294922	20154.203125
3451.041992	19955.490234
3449.789063	19861.005859
3448.535156	20072.908203
3447.281250	20050.500000
3446.027344	19966.054688
3444.772461	20035.720703
3443.518555	20187.375000
3442.263672	19800.933594
3441.007813	20152.535156
3439.752930	20328.046875
3438.497070	20189.671875
3437.241211	20161.263672
3435.984375	19955.052734
3434.727539	20094.492188
3433.470703	20056.132813
3432.213867	20151.558594
3430.956055	20165.097656
3429.699219	20056.890625
3428.440430	20289.919922
3427.182617	20173.748047
3425.923828	20211.195313
3424.665039	20186.810547
3423.406250	19979.029297
3422.146484	20020.472656
3420.886719	20189.425781
3419.626953	20105.291016
3418.367188	20306.013672
3417.106445	20500.671875
3415.845703	20111.914063
3414.584961	20252.781250
3413.323242	20353.785156
3412.061523	20299.556641
3410.799805	20257.283203
3409.538086	20296.564453
3408.275391	20405.412109
3407.012695	20579.808594
3405.750000	20140.029297
3404.486328	20060.074219
3403.222656	20099.343750
3401.958984	20124.689453
3400.695313	20215.548828
3399.430664	20181.298828
3398.166016	19936.679688
3396.901367	20152.521484
3395.635742	20298.833984
3394.370117	20272.519531
3393.104492	20311.654297
3391.838867	19861.080078
3390.572266	20173.814453
3389.305664	20175.285156
3388.039063	20327.326172
3386.771484	20063.333984
3385.503906	20187.603516
3384.236328	19993.050781
3382.968750	20331.058594
3381.700195	20490.800781
3380.431641	20379.404297
3379.163086	20357.072266
3377.893555	20348.591797
3376.624023	20268.929688
3375.354492	20286.166016
3374.083984	20172.951172
3372.814453	20417.431641
3371.543945	20053.343750
3370.272461	20323.412109
3369.001953	20447.234375
3367.730469	20081.402344
3366.458008	20372.988281
3365.186523	20234.261719
3363.914063	20111.378906
3362.641602	20365.279297
3361.369141	20356.791016
3360.095703	20040.744141
3358.822266	20186.072266
3357.548828	20439.722656
3356.274414	20443.037109
3355.000000	20357.708984
3353.725586	20437.839844
3352.451172	20439.177734
3351.175781	20277.128906
3349.900391	20205.679688
3348.625000	20287.732422
3347.348633	20625.474609
3346.072266	20540.222656
3344.795898	20464.837891
3343.519531	20418.970703
3342.242188	20320.056641
3340.964844	20608.279297
3339.687500	20611.515625
3338.409180	20414.416016
3337.130859	20455.000000
3335.852539	20424.888672
3334.573242	20559.660156
3333.294922	20384.324219
3332.014648	20524.923828
3330.735352	20241.792969
3329.455078	20486.289063
3328.174805	20748.316406
3326.894531	20569.203125
3325.613281	20613.570313
3324.333008	20610.892578
3323.050781	20576.873047
3321.769531	20721.076172
3320.487305	20593.064453
3319.205078	20756.767578
3317.922852	20671.855469
3316.639648	20765.025391
3315.356445	20752.521484
3314.073242	20700.906250
3312.789063	20643.447266
3311.505859	20900.734375
3310.220703	21101.226563
3308.936523	20910.843750
3307.651367	21052.634766
3306.366211	20809.609375
3305.081055	20974.785156
3303.794922	20808.019531
3302.508789	20896.998047
3301.222656	20874.714844
3299.936523	20977.291016
3298.649414	20818.464844
3297.362305	20942.453125
3296.074219	20966.957031
3294.787109	21127.880859
3293.499023	21167.916016
3292.209961	21071.558594
3290.921875	21031.726563
3289.632813	21208.060547
3288.343750	21174.050781
3287.053711	21017.429688
3285.763672	21485.535156
3284.473633	20945.640625
3283.183594	21403.820313
3281.892578	21128.656250
3280.601563	21180.242188
3279.310547	21126.839844
3278.018555	21228.923828
3276.726563	21113.357422
3275.434570	21452.371094
3274.142578	21626.160156
3272.849609	21318.359375
3271.556641	21278.572266
3270.262695	21040.849609
3268.969727	21389.185547
3267.675781	21310.605469
3266.380859	21150.605469
3265.086914	21543.265625
3263.791992	21546.113281
3262.497070	21422.984375
3261.201172	21584.734375
3259.905273	21556.568359
3258.609375	21468.375000
3257.313477	21498.332031
3256.016602	21487.619141
3254.719727	21459.492188
3253.422852	21506.835938
3252.125000	21639.275391
3250.827148	21402.248047
3249.529297	21312.279297
3248.230469	21419.535156
3246.931641	21569.257813
3245.632813	21902.476563
3244.333984	21455.076172
3243.034180	21409.609375
3241.734375	21767.732422
3240.434570	21919.123047
3239.133789	21734.607422
3237.833008	21681.390625
3236.532227	21780.601563
3235.230469	21700.390625
3233.928711	21699.275391
3232.626953	21813.830078
3231.325195	21824.250000
3230.022461	21769.142578
3228.719727	21750.664063
3227.416016	21664.777344
3226.112305	21734.906250
3224.808594	21908.962891
3223.504883	21934.728516
3222.200195	21698.771484
3220.895508	21726.494141
3219.590820	22011.941406
3218.286133	21831.888672
3216.980469	21944.146484
3215.673828	22198.587891
3214.368164	21964.802734
3213.061523	21961.669922
3211.754883	21898.992188
3210.448242	21844.021484
3209.140625	21906.189453
3207.833008	21887.708984
3206.525391	21940.238281
3205.216797	21900.648438
3203.908203	22003.017578
3202.599609	21990.273438
3201.290039	21977.533203
3199.980469	22127.726563
3198.670898	21944.400391
3197.360352	21981.486328
3196.050781	21813.595703
3194.740234	21802.814453
3193.428711	21975.837891
3192.117188	22158.351563
3190.805664	22193.419922
3189.494141	22249.515625
3188.181641	21942.144531
3186.869141	21975.318359
3185.556641	22006.564453
3184.243164	21668.871094
3182.929688	22111.046875
3181.616211	21899.582031
3180.302734	22295.650391
3178.988281	21986.839844
3177.673828	22006.568359
3176.358398	22144.632813
3175.042969	21965.835938
3173.727539	22021.800781
3172.412109	22081.550781
3171.095703	22044.009766
3169.779297	21827.259766
3168.462891	21801.226563
3167.145508	21996.273438
3165.828125	21869.226563
3164.510742	21827.957031
3163.192383	22032.375000
3161.874023	21992.986328
3160.555664	22008.814453
3159.236328	21994.185547
3157.917969	21933.894531
3156.597656	22010.589844
3155.278320	21957.927734
3153.958008	22139.150391
3152.637695	22008.539063
3151.316406	21919.798828
3149.996094	22064.796875
3148.674805	22293.304688
3147.352539	22282.416016
3146.031250	22150.013672
3144.708984	22133.462891
3143.385742	22078.960938
3142.063477	22320.470703
3140.740234	22241.285156
3139.416016	22186.791016
3138.092773	22541.859375
3136.768555	22339.458984
3135.444336	21989.328125
3134.119141	22109.246094
3132.793945	21963.908203
3131.468750	22129.220703
3130.143555	22201.679688
3128.817383	22033.699219
3127.491211	22143.990234
3126.164063	22102.865234
3124.836914	22404.136719
3123.509766	22349.726563
3122.182617	22259.414063
3120.854492	22212.621094
3119.526367	22301.912109
3118.198242	22300.470703
3116.869141	22374.583984
3115.540039	22467.544922
3114.210938	22307.460938
3112.880859	22387.175781
3111.550781	22608.390625
3110.220703	22414.416016
3108.889648	22482.726563
3107.559570	22339.785156
3106.227539	22387.335938
3104.896484	22591.314453
3103.564453	22455.978516
3102.232422	22371.576172
3100.899414	22511.363281
3099.566406	22500.425781
3098.233398	22677.765625
3096.900391	22535.029297
3095.566406	22642.644531
3094.232422	22616.625000
3092.897461	22505.972656
3091.563477	22577.781250
3090.228516	22536.748047
3088.892578	22775.800781
3087.556641	22603.189453
3086.220703	22887.199219
3084.884766	22849.878906
3083.547852	22891.443359
3082.210938	22764.017578
3080.874023	22790.562500
3079.536133	22828.351563
3078.198242	22896.138672
3076.860352	22693.794922
3075.521484	22945.349609
3074.182617	23028.050781
3072.843750	23033.863281
3071.504883	22966.589844
3070.165039	22979.902344
3068.824219	22961.365234
3067.484375	23028.972656
3066.143555	23113.396484
3064.802734	22808.464844
3063.460938	23248.431641
3062.119141	23067.080078
3060.777344	23059.755859
3059.435547	23011.294922
3058.092773	23146.062500
3056.750000	23185.443359
3055.406250	23153.796875
3054.062500	23277.218750
3052.718750	23493.966797
3051.375000	23376.367188
3050.030273	23197.214844
3048.685547	23400.755859
3047.339844	23359.757813
3045.995117	23107.974609
3044.649414	23451.263672
3043.302734	23673.185547
3041.956055	23520.300781
3040.609375	23555.724609
3039.262695	23237.101563
3037.915039	23186.878906
3036.567383	23378.791016
3035.219727	23257.798828
3033.871094	23304.398438
3032.522461	23388.193359
3031.173828	23527.767578
3029.824219	23453.349609
3028.474609	23732.316406
3027.124023	23540.744141
3025.774414	23728.468750
3024.423828	23401.316406
3023.072266	23330.720703
3021.721680	23356.748047
3020.370117	23531.328125
3019.017578	23406.900391
3017.666016	23301.091797
3016.313477	23594.322266
3014.959961	23581.279297
3013.607422	23709.214844
3012.253906	23603.423828
3010.899414	23671.958984
3009.545898	23647.779297
3008.191406	23677.349609
3006.835938	23425.294922
3005.481445	23428.968750
3004.125977	23730.777344
3002.770508	23538.126953
3001.414063	23386.285156
3000.057617	23467.673828
2998.701172	23489.820313
2997.343750	23563.740234
2995.986328	23608.039063
2994.628906	23624.582031
2993.270508	23323.212891
2991.912109	23367.527344
2990.553711	23312.060547
2989.194336	23461.628906
2987.834961	23468.941406
2986.475586	23472.556641
2985.115234	23334.054688
2983.754883	23599.708984
2982.394531	23597.748047
2981.034180	23822.632813
2979.672852	23643.605469
2978.310547	23531.025391
2976.949219	23628.591797
2975.586914	23565.810547
2974.223633	23648.582031
2972.861328	23595.029297
2971.498047	23911.578125
2970.134766	23765.945313
2968.770508	23749.201172
2967.406250	23872.292969
2966.041992	23910.710938
2964.676758	23892.097656
2963.311523	23936.000000
2961.946289	24014.804688
2960.580078	23838.132813
2959.213867	23870.988281
2957.847656	23913.007813
2956.480469	23951.332031
2955.113281	23850.107422
2953.746094	23974.689453
2952.377930	24062.507813
2951.009766	24302.552734
2949.641602	24060.101563
2948.272461	23852.605469
2946.903320	24354.673828
2945.534180	24301.156250
2944.164063	24242.166016
2942.793945	24243.656250
2941.423828	24541.839844
2940.052734	24446.207031
2938.681641	24700.259766
2937.309570	24646.720703
2935.938477	24666.394531
2934.566406	24433.617188
2933.193359	24691.074219
2931.821289	24833.218750
2930.447266	24927.763672
2929.074219	24744.478516
2927.700195	24826.205078
2926.326172	24935.289063
2924.952148	25234.240234
2923.577148	24782.662109
2922.202148	24935.476563
2920.826172	24894.779297
2919.451172	24591.382813
2918.074219	25223.830078
2916.698242	24946.025391
2915.321289	25063.962891
2913.944336	24861.052734
2912.567383	24893.304688
2911.189453	24803.480469
2909.810547	24872.152344
2908.432617	24960.818359
2907.053711	25155.023438
2905.674805	24910.509766
2904.294922	25159.216797
2902.915039	25295.013672
2901.535156	24997.894531
2900.155273	25339.121094
2898.774414	25027.587891
2897.392578	25325.019531
2896.011719	25286.173828
2894.629883	25243.710938
2893.248047	25277.541016
2891.865234	25062.613281
2890.482422	25336.064453
2889.099609	25357.136719
2887.715820	25243.937500
2886.332031	25337.568359
2884.948242	25378.562500
2883.563477	25575.449219
2882.178711	25480.421875
2880.792969	25356.445313
2879.408203	25301.367188
2878.022461	25264.425781
2876.635742	25337.957031
2875.249023	25438.603516
2873.862305	25309.343750
2872.475586	25561.935547
2871.087891	25544.861328
2869.700195	25240.230469
2868.311523	25178.035156
2866.923828	25330.980469
2865.534180	25435.052734
2864.145508	25488.482422
2862.755859	25400.986328
2861.366211	25425.496094
2859.975586	25484.296875
2858.584961	25633.318359
2857.194336	25417.736328
2855.802734	25256.380859
2854.411133	25457.646484
2853.019531	25244.060547
2851.626953	25396.550781
2850.234375	25496.693359
2848.841797	25306.671875
2847.448242	25381.560547
2846.054688	25348.347656
2844.661133	24976.626953
2843.266602	25163.148438
2841.872070	25480.955078
2840.476563	25132.859375
2839.082031	24878.470703
2837.686523	25009.070313
2836.290039	25040.714844
2834.893555	25099.302734
2833.497070	25112.931641
2832.099609	25139.128906
2830.703125	24741.398438
2829.304688	24733.546875
2827.907227	24878.302734
2826.508789	24812.980469
2825.109375	24893.039063
2823.710938	24754.183594
2822.311523	24846.769531
2820.911133	24751.023438
2819.511719	24877.619141
2818.111328	24677.957031
2816.709961	25015.941406
2815.308594	25117.291016
2813.907227	24960.691406
2812.505859	24970.683594
2811.103516	24860.734375
2809.701172	24924.429688
2808.297852	25011.353516
2806.894531	25017.734375
2805.491211	25158.236328
2804.087891	25221.787109
2802.683594	25038.634766
2801.278320	24903.820313
2799.874023	24847.677734
2798.468750	25009.470703
2797.062500	24946.181641
2795.657227	25093.582031
2794.250977	25303.375000
2792.843750	25225.779297
2791.437500	25130.378906
2790.029297	25072.474609
2788.622070	24904.048828
2787.213867	25363.185547
2785.805664	25390.804688
2784.396484	25313.285156
2782.988281	25301.708984
2781.578125	25340.000000
2780.168945	24990.136719
2778.758789	25204.699219
2777.347656	25479.660156
2775.937500	25332.830078
2774.526367	25390.619141
2773.114258	25471.494141
2771.703125	25324.767578
2770.290039	25453.603516
2768.877930	25481.087891
2767.464844	25556.519531
2766.051758	25686.970703
2764.637695	25426.718750
2763.224609	25546.480469
2761.809570	25391.097656
2760.395508	25466.447266
2758.980469	25522.242188
2757.564453	25601.064453
2756.149414	25745.443359
2754.733398	25568.917969
2753.316406	25858.541016
2751.900391	25738.763672
2750.483398	25541.109375
2749.065430	25855.306641
2747.647461	25717.908203
2746.229492	25771.724609
2744.811523	26029.001953
2743.392578	25826.199219
2741.972656	25906.468750
2740.553711	26110.468750
2739.133789	25833.544922
2737.712891	25890.771484
2736.292969	25845.488281
2734.872070	25934.474609
2733.450195	26148.796875
2732.028320	26290.625000
2730.606445	26109.365234
2729.184570	26053.484375
2727.761719	25939.408203
2726.338867	26061.734375
2724.915039	25887.753906
2723.491211	26105.222656
2722.067383	26315.533203
2720.642578	26037.650391
2719.217773	26300.714844
2717.792969	26112.789063
2716.367188	26226.037109
2714.941406	26057.580078
2713.514648	26309.808594
2712.088867	26086.867188
2710.661133	26171.853516
2709.234375	26235.695313
2707.806641	26102.591797
2706.378906	26298.238281
2704.950195	26075.562500
2703.521484	26144.623047
2702.091797	26254.042969
2700.663086	26207.126953
2699.233398	26307.695313
2697.802734	26336.251953
2696.372070	26191.085938
2694.941406	26240.703125
2693.509766	26328.873047
2692.078125	26534.470703
2690.646484	26436.714844
2689.214844	26386.322266
2687.781250	26307.919922
2686.348633	26476.521484
2684.915039	26462.921875
2683.481445	26465.082031
2682.047852	26626.511719
2680.613281	26504.386719
2679.178711	26338.587891
2677.743164	26492.923828
2676.307617	26650.675781
2674.872070	26705.212891
2673.435547	26619.908203
2671.999023	26628.992188
2670.561523	26804.009766
2669.125000	26517.910156
2667.686523	26839.517578
2666.249023	26661.763672
2664.810547	26765.042969
2663.372070	26526.330078
2661.932617	26718.537109
2660.493164	26799.048828
2659.053711	26264.140625
2657.613281	26538.175781
2656.172852	26756.312500
2654.731445	26573.685547
2653.291016	26730.746094
2651.848633	26757.144531
2650.407227	26654.716797
2648.964844	26710.697266
2647.521484	26601.369141
2646.079102	26744.296875
2644.635742	26840.201172
2643.191406	26852.607422
2641.747070	26795.482422
2640.302734	26985.125000
2638.858398	26636.144531
2637.413086	26879.564453
2635.967773	26864.150391
2634.521484	27031.007813
2633.075195	27267.197266
2631.627930	27157.998047
2630.181641	26923.964844
2628.733398	27045.541016
2627.286133	27278.011719
2625.837891	27163.708984
2624.389648	27070.255859
2622.940430	27340.648438
2621.491211	27139.810547
2620.041992	27195.335938
2618.591797	27191.974609
2617.141602	27301.103516
2615.690430	27424.017578
2614.240234	27277.019531
2612.788086	27432.730469
2611.336914	27557.240234
2609.884766	27154.494141
2608.431641	27367.136719
2606.979492	27647.044922
2605.525391	27579.646484
2604.072266	27493.285156
2602.618164	27441.490234
2601.164063	27417.332031
2599.708984	27370.753906
2598.253906	27472.546875
2596.798828	27234.542969
2595.342773	27501.832031
2593.886719	27686.244141
2592.430664	27338.068359
2590.973633	27563.773438
2589.516602	27646.400391
2588.058594	27577.451172
2586.600586	27522.304688
2585.142578	27613.476563
2583.683594	27883.550781
2582.224609	27594.408203
2580.764648	27926.257813
2579.304688	27726.652344
2577.844727	27688.724609
2576.383789	27630.191406
2574.923828	27633.535156
2573.461914	27647.179688
2572.000000	27690.007813
2570.538086	27925.089844
2569.076172	27991.849609
2567.613281	27797.753906
2566.150391	27694.673828
2564.686523	27747.712891
2563.222656	27744.138672
2561.758789	27930.837891
2560.293945	27716.423828
2558.829102	27951.003906
2557.363281	27993.619141
2555.897461	27868.390625
2554.431641	27770.615234
2552.964844	27886.833984
2551.498047	27895.187500
2550.031250	28043.814453
2548.563477	28229.988281
2547.095703	28046.738281
2545.626953	27873.833984
2544.158203	27803.552734
2542.689453	27753.808594
2541.219727	27861.234375
2539.750000	27666.339844
2538.280273	27618.367188
2536.809570	27867.402344
2535.337891	28034.402344
2533.867188	28081.898438
2532.395508	28011.685547
2530.922852	27767.583984
2529.451172	28019.664063
2527.978516	27939.285156
2526.504883	27923.691406
2525.031250	28117.615234
2523.557617	27943.603516
2522.083008	28122.097656
2520.608398	27880.083984
2519.133789	28135.070313
2517.658203	28131.341797
2516.182617	28258.572266
2514.706055	28157.886719
2513.229492	28150.746094
2511.752930	28383.234375
2510.275391	28090.591797
2508.797852	27860.945313
2507.319336	28298.804688
2505.840820	28069.214844
2504.362305	28252.193359
2502.882813	28446.953125
2501.403320	28263.298828
2499.923828	28201.847656
2498.443359	28374.421875
2496.962891	28428.242188
2495.481445	28453.220703
2494.000000	28310.447266
2492.518555	28250.742188
2491.036133	28329.929688
2489.553711	28385.371094
2488.071289	28750.529297
2486.587891	28558.773438
2485.103516	28593.806641
2483.620117	28432.625000
2482.135742	28443.994141
2480.650391	28568.613281
2479.165039	28508.955078
2477.679688	28739.933594
2476.194336	28639.716797
2474.708008	28439.914063
2473.220703	28430.986328
2471.733398	28582.408203
2470.246094	28956.492188
2468.758789	28712.937500
2467.270508	28725.865234
2465.782227	28583.656250
2464.292969	29050.062500
2462.803711	28874.132813
2461.313477	28784.216797
2459.823242	29117.138672
2458.333008	29183.812500
2456.841797	29097.246094
2455.350586	29074.679688
2453.859375	28725.673828
2452.367188	28772.183594
2450.875000	29003.667969
2449.381836	29092.111328
2447.888672	29222.533203
2446.395508	29122.646484
2444.901367	29140.416016
2443.407227	29180.011719
2441.912109	28949.218750
2440.417969	29114.751953
2438.921875	29307.050781
2437.425781	29128.412109
2435.929688	29263.566406
2434.433594	29053.158203
2432.936523	29226.822266
2431.439453	29283.054688
2429.941406	29548.738281
2428.443359	29201.076172
2426.944336	29067.988281
2425.446289	29291.648438
2423.946289	29299.228516
2422.447266	29484.214844
2420.947266	29285.921875
2419.446289	29393.859375
2417.945313	28954.853516
2416.444336	29602.873047
2414.942383	29324.503906
2413.440430	29449.021484
2411.938477	29102.330078
2410.435547	29213.472656
2408.932617	29289.488281
2407.429688	29535.746094
2405.925781	29299.529297
2404.420898	29412.166016
2402.916016	29446.337891
2401.411133	29310.380859
2399.906250	29344.554688
2398.400391	29458.720703
2396.893555	29416.177734
2395.387695	29458.619141
2393.880859	29477.720703
2392.373047	29681.640625
2390.865234	29684.021484
2389.357422	29839.513672
2387.848633	29653.826172
2386.339844	29543.087891
2384.830078	29656.912109
2383.320313	29591.115234
2381.810547	29432.265625
2380.299805	29597.537109
2378.789063	29496.908203
2377.278320	29373.076172
2375.766602	29533.244141
2374.254883	29583.765625
2372.742188	29737.154297
2371.229492	29623.332031
2369.715820	29582.548828
2368.203125	29632.994141
2366.688477	29978.521484
2365.174805	29912.808594
2363.660156	29565.423828
2362.144531	29915.662109
2360.628906	29906.320313
2359.113281	29832.402344
2357.596680	30013.445313
2356.080078	29691.292969
2354.563477	29715.095703
2353.045898	29892.712891
2351.528320	29701.468750
2350.009766	29822.783203
2348.491211	29686.193359
2346.971680	29828.923828
2345.452148	30126.863281
2343.932617	30224.810547
2342.413086	30217.033203
2340.891602	30017.777344
2339.371094	29912.685547
2337.849609	30154.111328
2336.328125	30331.082031
2334.805664	30122.095703
2333.283203	29997.291016
2331.760742	30058.787109
2330.237305	30187.806641
2328.712891	30377.705078
2327.189453	30099.792969
2325.665039	30291.255859
2324.139648	29944.371094
2322.614258	30124.251953
2321.088867	29932.228516
2319.562500	30001.816406
2318.036133	30120.693359
2316.509766	30394.035156
2314.982422	30269.509766
2313.455078	30383.291016
2311.926758	30229.259766
2310.398438	30234.599609
2308.869141	30376.201172
2307.339844	30430.736328
2305.810547	30312.941406
2304.280273	30438.000000
2302.750000	30713.878906
2301.218750	30363.261719
2299.688477	30316.082031
2298.156250	30268.921875
2296.624023	30529.802734
2295.091797	30420.365234
2293.559570	30263.492188
2292.026367	30504.517578
2290.492188	30462.267578
2288.958984	30364.402344
2287.423828	30399.087891
2285.889648	30486.087891
2284.354492	30165.921875
2282.818359	30386.966797
2281.283203	30323.550781
2279.746094	30704.541016
2278.209961	30320.939453
2276.672852	30461.693359
2275.134766	30599.105469
2273.596680	30576.503906
2272.058594	30508.222656
2270.519531	30472.601563
2268.980469	30469.609375
2267.441406	30613.349609
2265.901367	30711.373047
2264.361328	30685.500000
2262.820313	30711.769531
2261.279297	30552.351563
2259.737305	30583.519531
2258.195313	30617.925781
2256.653320	30624.644531
2255.110352	30631.355469
2253.567383	30766.560547
2252.024414	30556.949219
2250.480469	30667.710938
2248.935547	30754.033203
2247.390625	30690.818359
2245.845703	30561.031250
2244.300781	30694.402344
2242.754883	30813.087891
2241.208008	30618.433594
2239.661133	31137.898438
2238.114258	30651.230469
2236.566406	31107.156250
2235.018555	30912.615234
2233.470703	31061.843750
2231.921875	30985.718750
2230.373047	31005.224609
2228.823242	31204.519531
2227.273438	31133.267578
2225.722656	30919.576172
2224.171875	31261.164063
2222.621094	31325.867188
2221.069336	31246.554688
2219.517578	30978.056641
2217.964844	31291.775391
2216.412109	31393.572266
2214.859375	31312.697266
2213.305664	31454.818359
2211.751953	31102.607422
2210.197266	31194.646484
2208.642578	31110.667969
2207.086914	31446.357422
2205.531250	31305.876953
2203.975586	31365.492188
2202.418945	31489.582031
2200.862305	31228.269531
2199.305664	31602.164063
2197.748047	31479.535156
2196.189453	31263.529297
2194.630859	31712.812500
2193.072266	31289.138672
2191.512695	31543.392578
2189.953125	31654.281250
2188.393555	31483.544922
2186.833008	31657.115234
2185.272461	31927.080078
2183.710938	31703.343750
2182.149414	31568.121094
2180.586914	31590.435547
2179.024414	31905.103516
2177.461914	31636.626953
2175.898438	31955.929688
2174.334961	31984.529297
2172.770508	31857.451172
2171.206055	31783.376953
2169.641602	31937.095703
2168.076172	32162.886719
2166.509766	32112.830078
2164.944336	32154.146484
2163.377930	32150.576172
2161.810547	32089.339844
2160.243164	32010.515625
2158.675781	32274.343750
2157.107422	32229.119141
2155.538086	31796.677734
2153.969727	32122.734375
2152.400391	32047.187500
2150.830078	31880.541016
2149.259766	32190.328125
2147.689453	32191.521484
2146.118164	32111.232422
2144.546875	32074.105469
2142.974609	32167.935547
2141.402344	32303.220703
