#Wave		#Intensity
3550.405273	32339.220703
3549.173828	32343.296875
3547.941406	32464.738281
3546.708984	32616.675781
3545.476563	32450.878906
3544.243164	32608.855469
3543.010742	32534.718750
3541.777344	32314.089844
3540.542969	32675.441406
3539.309570	32884.074219
3538.075195	32559.779297
3536.840820	32772.406250
3535.605469	32529.582031
3534.371094	32544.972656
3533.135742	32678.208984
3531.900391	32843.886719
3530.664063	32469.218750
3529.428711	32681.570313
3528.192383	32432.964844
3526.955078	32497.048828
3525.718750	32575.308594
3524.481445	32564.257813
3523.244141	32532.923828
3522.006836	32935.601563
3520.768555	32853.503906
3519.530273	32901.175781
3518.291992	33096.777344
3517.053711	32980.238281
3515.814453	32764.478516
3514.575195	33142.261719
3513.335938	33062.226563
3512.095703	33154.312500
3510.855469	32823.308594
3509.615234	32885.042969
3508.375000	33177.394531
3507.133789	33042.804688
3505.892578	33035.679688
3504.651367	33034.617188
3503.410156	33112.390625
3502.167969	33044.613281
3500.925781	33314.304688
3499.683594	33466.703125
3498.440430	32970.687500
3497.197266	33357.332031
3495.954102	33228.988281
3494.710938	33395.386719
3493.466797	33166.179688
3492.222656	33322.425781
3490.978516	33272.855469
3489.734375	33759.742188
3488.489258	33308.851563
3487.244141	33722.941406
3485.999023	33633.003906
3484.752930	33631.753906
3483.506836	33642.593750
3482.260742	33645.363281
3481.014648	33527.312500
3479.767578	33614.656250
3478.520508	33665.726563
3477.273438	33752.996094
3476.025391	33606.839844
3474.777344	33690.050781
3473.529297	33710.882813
3472.281250	33522.597656
3471.032227	33619.832031
3469.784180	33863.730469
3468.534180	33984.953125
3467.285156	34190.492188
3466.035156	34239.281250
3464.785156	33880.425781
3463.535156	33873.042969
3462.284180	33773.332031
3461.033203	33918.472656
3459.782227	34081.605469
3458.531250	34030.039063
3457.279297	34036.648438
3456.027344	34181.589844
3454.775391	34284.371094
3453.522461	34196.722656
3452.270508	34055.007813
3451.016602	33805.183594
3449.763672	34208.347656
3448.509766	33852.468750
3447.255859	34117.312500
3446.001953	34271.960938
3444.748047	34162.410156
3443.493164	34022.894531
3442.238281	34141.445313
3440.983398	33810.023438
3439.727539	34228.441406
3438.471680	34031.054688
3437.215820	34255.398438
3435.958984	34086.054688
3434.703125	34294.300781
3433.446289	34320.722656
3432.188477	33989.742188
3430.931641	34239.777344
3429.673828	34142.449219
3428.416016	34218.746094
3427.157227	34402.726563
3425.898438	34369.234375
3424.639648	34132.371094
3423.380859	34595.332031
3422.121094	34266.832031
3420.862305	34219.437500
3419.601563	34090.378906
3418.341797	34431.425781
3417.081055	34370.074219
3415.820313	34348.562500
3414.559570	34325.066406
3413.297852	34416.996094
3412.036133	34337.777344
3410.774414	34021.886719
3409.512695	34272.906250
3408.250000	34529.777344
3406.987305	34591.722656
3405.724609	34317.773438
3404.460938	34266.476563
3403.197266	34431.726563
3401.933594	34420.140625
3400.669922	34394.660156
3399.405273	34502.187500
3398.140625	34504.476563
3396.875977	34596.054688
3395.610352	34082.511719
3394.344727	34757.253906
3393.079102	34436.246094
3391.813477	34315.609375
3390.546875	34369.445313
3389.280273	34193.386719
3388.013672	34090.703125
3386.746094	34461.464844
3385.478516	34586.500000
3384.210938	34495.667969
3382.943359	34486.027344
3381.674805	34729.703125
3380.406250	34593.378906
3379.136719	34579.753906
3377.868164	34431.652344
3376.598633	34823.398438
3375.329102	34786.000000
3374.058594	34303.929688
3372.789063	34746.808594
3371.517578	34577.082031
3370.247070	34247.449219
3368.975586	34510.339844
3367.705078	34401.968750
3366.432617	34374.562500
3365.161133	34580.015625
3363.888672	34493.390625
3362.616211	34369.324219
3361.343750	34479.972656
3360.070313	34612.257813
3358.796875	34576.933594
3357.523438	34849.042969
3356.249023	34927.949219
3354.974609	34431.640625
3353.700195	34553.921875
3352.425781	34888.781250
3351.150391	34613.269531
3349.875000	34711.800781
3348.599609	34582.042969
3347.323242	34680.527344
3346.046875	34855.667969
3344.770508	34914.714844
3343.494141	34926.550781
3342.216797	34688.777344
3340.939453	34924.652344
3339.661133	35083.804688
3338.383789	34826.503906
3337.105469	34965.960938
3335.827148	35268.296875
3334.547852	34775.585938
3333.268555	34973.820313
3331.989258	35224.929688
3330.709961	35244.476563
3329.429688	35189.496094
3328.149414	34965.929688
3326.869141	34940.425781
3325.587891	34914.933594
3324.306641	35310.675781
3323.025391	35157.781250
3321.744141	35230.160156
3320.461914	35110.628906
3319.179688	35206.468750
3317.896484	35294.429688
3316.614258	34949.953125
3315.331055	35071.179688
3314.047852	35268.617188
3312.763672	35268.488281
3311.479492	35676.902344
3310.195313	35637.585938
3308.911133	35789.761719
3307.625977	35609.777344
3306.340820	35627.128906
3305.054688	35394.535156
3303.769531	35384.585938
3302.483398	35378.542969
3301.197266	35302.250000
3299.910156	35596.648438
3298.623047	35594.449219
3297.335938	35982.234375
3296.048828	35656.324219
3294.760742	35954.253906
3293.472656	36010.417969
3292.184570	35856.152344
3290.895508	36003.847656
3289.606445	35941.167969
3288.317383	35903.816406
3287.028320	35994.945313
3285.738281	35980.945313
3284.448242	36001.968750
3283.157227	36036.589844
3281.867188	36248.156250
3280.576172	36080.503906
3279.284180	36313.339844
3277.993164	36275.941406
3276.701172	36376.500000
3275.409180	36405.140625
3274.116211	36808.570313
3272.823242	36324.519531
3271.530273	36589.957031
3270.237305	36521.472656
3268.943359	36400.628906
3267.649414	36518.429688
3266.355469	36343.332031
3265.060547	36461.085938
3263.765625	36495.425781
3262.470703	36264.238281
3261.174805	36874.062500
3259.879883	36737.808594
3258.583008	36754.605469
3257.287109	36761.714844
3255.990234	36803.660156
3254.693359	36793.324219
3253.396484	36792.667969
3252.098633	36704.953125
3250.800781	37065.972656
3249.502930	36962.761719
3248.205078	37141.832031
3246.906250	36976.792969
3245.607422	37136.449219
3244.307617	37027.500000
3243.007813	36758.292969
3241.708008	37236.484375
3240.408203	37056.148438
3239.107422	37043.804688
3237.806641	37131.804688
3236.505859	36789.550781
3235.204102	37045.363281
3233.902344	36984.808594
3232.600586	37412.031250
3231.298828	37010.261719
3229.996094	37009.480469
3228.693359	37184.011719
3227.389648	37165.851563
3226.086914	37361.441406
3224.783203	37427.949219
3223.478516	37817.781250
3222.173828	37341.484375
3220.870117	37265.574219
3219.564453	37357.027344
3218.259766	37521.511719
3216.954102	37507.117188
3215.648438	37363.945313
3214.341797	37582.109375
3213.035156	37402.472656
3211.728516	37620.519531
3210.421875	37746.285156
3209.114258	37461.128906
3207.806641	37314.300781
3206.499023	37046.636719
3205.190430	37590.652344
3203.881836	37499.507813
3202.573242	37312.519531
3201.263672	37622.179688
3199.954102	37592.414063
3198.644531	37372.945313
3197.333984	37435.207031
3196.024414	37842.226563
3194.713867	37626.667969
3193.402344	37627.550781
3192.090820	37574.832031
3190.779297	37529.792969
3189.467773	37683.746094
3188.155273	37701.816406
3186.842773	37488.472656
3185.530273	37456.859375
3184.216797	37281.894531
3182.903320	37502.597656
3181.589844	37618.105469
3180.276367	37821.425781
3178.961914	37812.667969
3177.646484	37450.695313
3176.332031	37594.726563
3175.016602	37729.144531
3173.701172	37770.007813
3172.385742	37667.781250
3171.069336	37704.816406
3169.752930	37566.417969
3168.436523	37546.265625
3167.119141	38090.222656
3165.801758	37420.238281
3164.484375	37775.378906
3163.166016	37829.453125
3161.847656	38254.773438
3160.529297	37737.640625
3159.209961	37599.460938
3157.890625	37727.710938
3156.571289	37585.785156
3155.251953	37607.472656
3153.931641	37574.003906
3152.611328	37928.332031
3151.290039	37942.308594
3149.968750	37743.476563
3148.647461	37776.480469
3147.326172	37834.148438
3146.003906	37800.652344
3144.681641	38133.527344
3143.359375	37788.730469
3142.036133	37943.093750
3140.712891	37843.195313
3139.389648	38050.566406
3138.065430	37675.757813
3136.742188	37998.691406
3135.416992	37737.769531
3134.092773	38126.843750
3132.767578	38015.652344
3131.442383	38046.542969
3130.116211	37999.785156
3128.790039	38123.410156
3127.463867	37908.218750
3126.137695	38001.527344
3124.810547	38134.511719
3123.483398	37900.542969
3122.156250	37891.679688
3120.828125	38334.585938
3119.500000	38042.136719
3118.170898	38239.175781
3116.842773	38719.457031
3115.513672	38302.472656
3114.183594	38369.019531
3112.854492	38443.082031
3111.524414	38490.687500
3110.194336	38298.652344
3108.863281	38646.179688
3107.532227	38480.589844
3106.201172	38758.140625
3104.869141	38607.675781
3103.537109	38370.585938
3102.205078	38583.898438
3100.873047	38665.253906
3099.540039	38424.539063
3098.207031	38618.847656
3096.873047	38397.074219
3095.539063	38421.921875
3094.205078	38715.796875
3092.871094	38853.410156
3091.536133	38802.898438
3090.201172	38652.765625
3088.866211	38809.078125
3087.530273	38946.523438
3086.194336	39012.503906
3084.857422	38930.062500
3083.521484	38860.800781
3082.184570	39026.250000
3080.846680	38919.449219
3079.509766	38994.722656
3078.171875	39548.363281
3076.833008	39197.664063
3075.495117	39325.312500
3074.156250	39017.945313
3072.817383	38918.769531
3071.477539	39319.968750
3070.137695	39290.078125
3068.797852	39535.531250
3067.457031	39816.445313
3066.116211	39550.558594
3064.775391	39178.105469
3063.434570	39333.515625
3062.092773	39771.339844
3060.750977	39853.585938
3059.408203	39227.085938
3058.065430	39548.707031
3056.722656	39774.847656
3055.378906	39601.000000
3054.036133	39827.011719
3052.691406	39968.867188
3051.347656	40002.351563
3050.002930	39738.988281
3048.658203	39755.703125
3047.313477	39783.601563
3045.967773	39949.527344
3044.622070	40020.253906
3043.275391	40335.207031
3041.929688	40232.433594
3040.582031	39976.878906
3039.235352	39969.257813
3037.887695	39980.261719
3036.540039	39883.238281
3035.192383	40151.203125
3033.843750	40095.128906
3032.495117	40366.625000
3031.146484	39752.332031
3029.796875	39904.722656
3028.447266	40118.406250
3027.097656	40224.144531
3025.747070	40077.023438
3024.396484	40019.175781
3023.044922	40442.562500
3021.694336	39949.980469
3020.342773	40317.460938
3018.990234	40422.976563
3017.638672	40320.542969
3016.286133	39937.929688
3014.932617	40065.710938
3013.580078	40011.648438
3012.226563	40382.273438
3010.872070	40419.000000
3009.518555	40531.699219
3008.164063	39901.238281
3006.808594	40251.140625
3005.454102	40278.582031
3004.098633	39956.019531
3002.743164	40148.281250
3001.386719	40070.214844
3000.030273	40676.851563
2998.673828	40437.734375
2997.316406	40078.503906
2995.958984	40505.324219
2994.601563	40349.597656
2993.243164	40217.968750
2991.884766	40341.398438
2990.526367	40444.441406
2989.166992	40392.289063
2987.807617	40371.546875
2986.448242	40540.953125
2985.087891	40396.523438
2983.727539	40338.878906
2982.367188	40235.140625
2981.005859	40518.746094
2979.644531	40249.058594
2978.283203	40285.503906
2976.921875	40159.742188
2975.559570	40408.070313
2974.196289	40468.382813
2972.833984	40471.570313
2971.470703	40531.828125
2970.106445	40505.539063
2968.743164	40554.710938
2967.378906	40465.863281
2966.013672	40290.605469
2964.649414	40713.089844
2963.284180	40578.296875
2961.917969	40327.757813
2960.552734	40810.562500
2959.186523	40387.386719
2957.819336	40572.375000
2956.453125	40995.996094
2955.085938	40881.496094
2953.717773	40757.867188
2952.350586	40746.230469
2950.982422	41009.777344
2949.613281	40974.234375
2948.245117	41219.253906
2946.875977	41487.984375
2945.505859	41344.199219
2944.136719	41031.906250
2942.766602	41311.464844
2941.395508	41233.750000
2940.025391	41370.296875
2938.654297	41168.113281
2937.282227	41441.863281
2935.910156	41633.136719
2934.538086	41613.953125
2933.166016	41724.617188
2931.792969	41579.250000
2930.419922	41295.027344
2929.046875	41513.496094
2927.672852	41861.578125
2926.298828	41767.449219
2924.923828	42025.808594
2923.549805	41838.562500
2922.173828	42142.406250
2920.798828	41869.441406
2919.422852	41339.367188
2918.046875	42035.250000
2916.670898	41862.792969
2915.293945	41599.257813
2913.916992	42059.441406
2912.539063	42069.308594
2911.161133	42560.117188
2909.783203	42017.988281
2908.404297	42177.160156
2907.026367	42538.320313
2905.646484	42531.656250
2904.267578	42495.882813
2902.887695	42425.554688
2901.507813	42302.515625
2900.126953	42392.269531
2898.746094	42411.078125
2897.365234	42858.769531
2895.983398	42919.234375
2894.601563	43103.187500
2893.219727	43116.339844
2891.836914	42824.460938
2890.454102	42979.246094
2889.071289	42698.421875
2887.687500	43085.382813
2886.303711	43111.195313
2884.919922	42799.703125
2883.535156	43122.886719
2882.150391	42798.847656
2880.765625	43199.785156
2879.379883	42968.265625
2877.994141	42834.660156
2876.608398	43094.046875
2875.221680	43025.632813
2873.834961	42910.195313
2872.447266	43276.117188
2871.059570	43627.382813
2869.671875	43041.648438
2868.284180	43268.031250
2866.895508	43006.230469
2865.506836	43122.261719
2864.117188	42782.921875
2862.727539	43196.992188
2861.337891	43235.226563
2859.947266	43219.273438
2858.556641	43378.410156
2857.166016	43472.500000
2855.775391	43313.957031
2854.383789	42969.707031
2852.991211	43325.289063
2851.599609	43183.113281
2850.207031	43459.152344
2848.813477	43583.691406
2847.419922	42895.683594
2846.026367	43232.816406
2844.632813	43238.464844
2843.238281	42781.453125
2841.843750	43222.738281
2840.449219	42962.074219
2839.053711	42813.058594
2837.658203	42804.394531
2836.261719	42891.019531
2834.865234	43171.734375
2833.468750	43251.027344
2832.072266	43030.238281
2830.674805	42840.085938
2829.276367	43531.757813
2827.878906	43250.003906
2826.480469	43241.210938
2825.082031	43117.570313
2823.682617	42961.695313
2822.283203	43222.003906
2820.882813	43155.824219
2819.483398	42686.316406
2818.083008	42674.062500
2816.681641	42995.089844
2815.281250	43059.789063
2813.878906	42760.886719
2812.477539	43326.945313
2811.075195	43325.265625
2809.672852	43312.847656
2808.269531	43323.687500
2806.866211	43425.746094
2805.462891	43513.441406
2804.059570	43030.757813
2802.655273	43215.023438
2801.250000	43390.253906
2799.845703	43456.417969
2798.440430	43201.042969
2797.034180	43138.640625
2795.628906	43131.605469
2794.222656	43235.230469
2792.815430	43363.781250
2791.408203	43126.558594
2790.000977	43329.968750
2788.593750	43260.468750
2787.185547	43445.910156
2785.777344	43109.078125
2784.368164	43757.710938
2782.958984	43640.058594
2781.549805	43561.640625
2780.140625	43485.039063
2778.730469	43360.406250
2777.319336	43710.972656
2775.909180	43700.199219
2774.497070	43943.781250
2773.085938	43852.925781
2771.673828	43938.117188
2770.261719	43978.824219
2768.849609	44019.507813
2767.436523	44129.449219
2766.023438	44186.054688
2764.609375	44214.210938
2763.195313	43881.996094
2761.781250	44094.777344
2760.367188	44027.117188
2758.952148	44200.722656
2757.536133	44709.417969
2756.121094	44097.335938
2754.705078	43882.597656
2753.288086	44437.054688
2751.871094	44589.062500
2750.454102	44909.257813
2749.037109	44425.359375
2747.619141	44336.476563
2746.201172	44378.609375
2744.782227	44871.929688
2743.363281	44620.238281
2741.944336	44803.742188
2740.524414	44888.136719
2739.104492	44733.839844
2737.684570	44987.855469
2736.263672	44743.492188
2734.842773	44833.097656
2733.421875	44816.695313
2732.000000	45079.250000
2730.578125	44709.765625
2729.155273	44463.984375
2727.733398	44991.050781
2726.309570	44861.722656
2724.886719	44857.652344
2723.462891	44876.496094
2722.038086	45105.062500
2720.614258	44933.527344
2719.189453	45246.511719
2717.763672	45386.742188
2716.338867	45005.726563
2714.912109	45362.453125
2713.486328	45514.855469
2712.059570	45169.265625
2710.632813	45560.851563
2709.205078	45579.429688
2707.777344	45095.175781
2706.349609	45667.511719
2704.920898	45276.601563
2703.492188	45291.699219
2702.063477	44957.269531
2700.633789	45369.265625
2699.204102	45480.867188
2697.774414	45441.472656
2696.343750	45349.457031
2694.912109	45618.839844
2693.481445	45707.449219
2692.049805	45541.781250
2690.618164	44987.058594
2689.185547	45629.511719
2687.752930	45732.027344
2686.319336	45633.058594
2684.886719	45614.687500
2683.453125	46025.234375
2682.018555	45555.203125
2680.583984	45708.328125
2679.149414	45723.175781
2677.713867	46110.531250
2676.278320	45967.898438
2674.842773	46057.820313
2673.406250	45936.234375
2671.969727	45723.847656
2670.533203	45736.890625
2669.095703	45898.363281
2667.658203	46089.429688
2666.219727	45842.289063
2664.781250	45984.402344
2663.342773	45941.519531
2661.903320	45860.277344
2660.463867	45707.582031
2659.024414	45708.367188
2657.583984	46022.855469
2656.143555	45877.187500
2654.703125	46008.562500
2653.261719	46193.851563
2651.820313	46285.027344
2650.377930	46139.421875
2648.935547	46136.582031
2647.493164	46178.972656
2646.049805	45996.964844
2644.606445	46208.035156
2643.162109	46156.484375
2641.718750	46459.515625
2640.273438	46239.375000
2638.829102	46766.316406
2637.383789	46521.882813
2635.938477	46647.398438
2634.492188	46495.109375
2633.045898	46276.945313
2631.598633	46917.707031
2630.152344	46657.906250
2628.705078	46509.214844
2627.256836	46885.898438
2625.808594	46841.210938
2624.360352	46957.695313
2622.911133	47096.632813
2621.461914	47133.312500
2620.012695	46832.324219
2618.562500	47142.554688
2617.112305	47137.644531
2615.661133	47513.378906
2614.210938	47440.910156
2612.758789	47017.414063
2611.307617	47038.457031
2609.855469	47391.351563
2608.402344	47348.339844
2606.950195	46965.007813
2605.496094	47775.343750
2604.042969	47535.406250
2602.588867	47540.722656
2601.134766	47313.035156
2599.679688	47503.015625
2598.224609	47703.246094
2596.769531	47372.203125
2595.313477	47396.492188
2593.857422	47444.898438
2592.401367	47543.250000
2590.944336	47403.796875
2589.486328	47526.210938
2588.029297	47517.691406
2586.571289	47488.511719
2585.112305	47423.199219
2583.654297	47772.597656
2582.195313	47406.195313
2580.735352	47199.914063
2579.275391	47793.238281
2577.815430	47645.398438
2576.354492	47686.664063
2574.893555	47652.308594
2573.432617	47425.593750
2571.970703	47721.011719
2570.508789	47595.671875
2569.045898	47884.027344
2567.583984	47983.480469
2566.120117	47835.851563
2564.657227	47938.691406
2563.193359	47816.855469
2561.728516	47995.062500
2560.263672	48068.632813
2558.798828	48137.019531
2557.333984	48277.312500
2555.868164	47686.312500
2554.402344	47381.515625
2552.935547	47766.632813
2551.468750	48175.503906
2550.000977	47970.019531
2548.534180	47918.558594
2547.065430	47897.898438
2545.597656	48249.894531
2544.128906	47747.214844
2542.659180	48047.808594
2541.190430	47789.687500
2539.720703	48088.394531
2538.250000	48023.304688
2536.779297	48140.871094
2535.308594	48159.406250
2533.836914	47976.621094
2532.365234	48083.863281
2530.893555	48073.394531
2529.420898	48062.925781
2527.948242	48294.460938
2526.475586	48052.214844
2525.001953	48254.667969
2523.527344	48204.976563
2522.053711	48202.980469
2520.579102	48199.273438
2519.103516	48159.832031
2517.627930	48293.925781
2516.152344	47900.710938
2514.675781	48640.117188
2513.199219	48299.699219
2511.722656	48459.097656
2510.245117	48312.578125
2508.767578	48305.417969
2507.290039	48170.890625
2505.811523	48620.457031
2504.333008	48163.417969
2502.853516	48852.011719
2501.374023	48498.617188
2499.893555	48538.878906
2498.414063	48635.074219
2496.932617	48966.839844
2495.452148	48671.378906
2493.970703	48728.484375
2492.488281	48836.367188
2491.006836	48529.296875
2489.524414	49168.777344
2488.041016	48832.992188
2486.557617	49098.093750
2485.074219	48779.406250
2483.589844	48733.175781
2482.105469	48876.339844
2480.621094	48615.414063
2479.135742	49001.890625
2477.650391	48974.214844
2476.164063	49074.925781
2474.677734	49008.398438
2473.191406	48717.355469
2471.704102	48961.507813
2470.216797	49215.656250
2468.728516	49241.925781
2467.240234	49381.179688
2465.751953	49179.753906
2464.262695	49595.398438
2462.773438	49171.550781
2461.283203	49563.386719
2459.793945	49338.519531
2458.302734	49556.652344
2456.812500	49491.828125
2455.321289	49758.613281
2453.829102	49116.593750
2452.336914	49632.304688
2450.844727	50024.972656
2449.351563	49684.335938
2447.858398	49619.550781
2446.365234	49312.789063
2444.871094	49485.023438
2443.376953	49736.105469
2441.882813	49568.917969
2440.387695	49853.421875
2438.891602	49701.386719
2437.395508	49817.898438
2435.899414	50083.652344
2434.403320	50116.144531
2432.906250	49675.781250
2431.409180	50271.582031
2429.911133	50124.667969
2428.413086	49711.433594
2426.914063	49777.453125
2425.416016	50015.917969
2423.916016	49954.582031
2422.416992	49826.324219
2420.916992	49994.296875
2419.416016	49981.511719
2417.915039	50146.007813
2416.414063	50188.355469
2414.912109	50153.785156
2413.410156	49853.515625
2411.908203	49855.796875
2410.405273	50142.015625
2408.902344	50214.347656
2407.398438	49947.738281
2405.894531	49899.902344
2404.390625	49992.246094
2402.885742	50283.046875
2401.380859	50241.816406
2399.875977	50338.988281
2398.370117	50129.402344
2396.863281	50343.195313
2395.356445	50133.703125
2393.849609	50432.320313
2392.342773	50439.378906
2390.834961	50106.820313
2389.327148	50476.761719
2387.818359	50240.863281
2386.309570	50532.390625
2384.799805	50308.226563
2383.290039	50212.191406
2381.780273	51100.210938
2380.269531	50377.531250
2378.758789	50338.027344
2377.248047	50627.390625
2375.736328	50632.660156
2374.223633	50043.632813
2372.711914	50213.339844
2371.199219	50777.847656
2369.685547	50618.839844
2368.171875	50642.320313
2366.658203	50427.050781
2365.143555	51000.847656
2363.628906	50656.332031
2362.114258	50896.781250
2360.598633	50843.957031
2359.083008	50971.628906
2357.566406	50953.562500
2356.049805	50899.093750
2354.532227	51149.074219
2353.014648	51041.640625
2351.497070	50461.312500
2349.978516	50911.238281
2348.459961	50951.031250
2346.941406	50929.664063
2345.421875	51076.800781
2343.902344	51000.902344
2342.381836	51119.867188
2340.861328	51121.566406
2339.340820	51138.113281
2337.819336	50747.136719
2336.296875	50785.203125
2334.775391	50941.972656
2333.252930	51430.015625
2331.729492	51349.199219
2330.206055	51416.710938
2328.682617	51151.429688
2327.158203	51419.867188
2325.633789	51419.789063
2324.109375	51085.566406
2322.583984	51468.988281
2321.057617	51444.207031
2319.532227	51532.917969
2318.005859	51148.019531
2316.478516	51261.410156
2314.951172	51614.683594
2313.423828	51465.000000
2311.895508	51325.246094
2310.367188	51760.324219
2308.838867	51507.273438
2307.309570	51528.453125
2305.779297	51180.406250
2304.250000	51508.425781
2302.718750	51516.449219
2301.188477	51875.355469
2299.657227	51455.433594
2298.125000	51864.960938
2296.593750	51202.769531
2295.061523	51684.210938
2293.528320	51611.910156
2291.995117	51718.089844
2290.461914	51066.417969
2288.927734	51323.210938
2287.393555	51342.667969
2285.858398	51358.835938
2284.323242	51527.046875
2282.788086	51556.230469
2281.251953	52031.515625
2279.715820	51452.792969
2278.178711	51223.890625
2276.641602	51543.753906
2275.103516	51878.140625
2273.566406	51672.140625
2272.027344	51014.285156
2270.489258	51464.347656
2268.950195	51747.835938
2267.410156	51783.355469
2265.870117	51774.843750
2264.330078	51593.605469
2262.789063	51580.250000
2261.248047	51721.625000
2259.706055	52022.484375
2258.165039	51922.742188
2256.622070	51896.277344
2255.079102	51915.375000
2253.536133	52092.238281
2251.993164	51898.242188
2250.449219	51852.285156
2248.904297	51926.617188
2247.359375	52298.257813
2245.814453	52260.335938
2244.269531	52241.921875
2242.723633	52230.003906
2241.176758	52398.261719
2239.629883	51925.433594
2238.083008	52325.671875
2236.535156	52420.773438
2234.987305	52397.449219
2233.439453	52651.339844
2231.890625	52480.476563
2230.340820	52570.558594
2228.791992	52665.449219
2227.242188	52486.605469
2225.691406	52706.121094
2224.140625	52079.003906
2222.589844	52448.988281
2221.038086	52771.863281
2219.486328	52353.835938
2217.933594	53150.304688
2216.380859	53267.437500
2214.828125	52618.500000
2213.274414	52999.046875
2211.719727	53041.812500
2210.166016	52721.226563
2208.611328	52878.652344
2207.055664	53031.152344
2205.500000	53306.195313
2203.944336	53311.699219
2202.387695	53226.886719
2200.831055	53532.281250
2199.273438	53154.085938
2197.715820	53314.304688
2196.158203	53086.179688
2194.599609	53471.804688
2193.041016	53541.628906
2191.481445	53650.042969
2189.921875	53764.839844
2188.362305	53522.386719
2186.801758	53408.734375
2185.240234	53607.105469
2183.679688	53589.945313
2182.117188	53384.734375
2180.555664	53587.765625
2178.993164	53247.714844
2177.430664	53877.859375
2175.867188	53687.218750
2174.302734	53767.945313
2172.739258	53782.832031
2171.174805	53597.164063
2169.609375	53607.265625
2168.043945	53772.894531
2166.478516	54021.792969
2164.912109	54115.097656
2163.345703	54201.937500
2161.779297	54181.410156
2160.211914	54181.703125
2158.643555	54463.765625
2157.075195	53841.355469
2155.506836	54265.761719
2153.937500	54230.820313
2152.368164	53724.093750
2150.798828	54026.667969
2149.228516	54637.585938
2147.657227	54258.980469
2146.086914	54519.625000
2144.515625	54585.269531
2142.943359	54733.902344
2141.371094	54358.839844
