#Wave		#Intensity
3550.258789	37409.929688
3549.027344	37369.179688
3547.794922	37609.738281
3546.562500	37416.371094
3545.330078	37465.398438
3544.096680	37420.750000
3542.863281	37473.816406
3541.629883	37766.984375
3540.396484	37846.394531
3539.162109	37622.687500
3537.928711	37533.292969
3536.693359	37687.917969
3535.458984	37507.066406
3534.223633	37377.093750
3532.989258	37651.523438
3531.752930	37411.867188
3530.517578	37501.339844
3529.281250	37574.523438
3528.044922	37779.636719
3526.808594	37310.777344
3525.571289	37446.851563
3524.333984	37453.015625
3523.096680	37440.917969
3521.859375	37449.097656
3520.621094	37546.488281
3519.382813	37864.785156
3518.144531	37370.238281
3516.906250	37244.675781
3515.666992	37803.894531
3514.427734	37556.761719
3513.188477	37795.722656
3511.948242	37492.003906
3510.708008	37380.699219
3509.467773	37649.886719
3508.227539	38001.902344
3506.986328	37844.023438
3505.745117	37831.816406
3504.503906	37390.968750
3503.262695	37758.890625
3502.020508	37344.511719
3500.778320	37720.359375
3499.535156	37867.765625
3498.292969	37647.511719
3497.049805	37617.164063
3495.806641	37776.593750
3494.563477	37764.386719
3493.319336	37901.511719
3492.075195	37917.519531
3490.831055	37963.773438
3489.585938	37616.753906
3488.340820	37792.082031
3487.095703	38209.222656
3485.850586	38162.648438
3484.604492	38055.644531
3483.358398	37946.667969
3482.112305	37718.906250
3480.866211	37954.367188
3479.619141	37746.824219
3478.372070	37849.328125
3477.125000	38118.800781
3475.876953	38028.035156
3474.629883	37955.402344
3473.380859	37878.777344
3472.132813	37902.710938
3470.883789	37936.675781
3469.634766	38241.929688
3468.385742	38356.167969
3467.136719	38080.648438
3465.886719	38192.855469
3464.636719	38268.867188
3463.386719	37983.492188
3462.135742	38031.410156
3460.884766	38205.718750
3459.633789	38091.058594
3458.381836	38098.792969
3457.130859	38008.261719
3455.878906	37919.765625
3454.625977	38520.828125
3453.374023	38382.152344
3452.121094	38201.460938
3450.868164	38133.019531
3449.614258	38429.085938
3448.361328	38292.539063
3447.107422	38516.367188
3445.853516	38521.949219
3444.598633	38541.527344
3443.343750	38403.054688
3442.088867	38198.640625
3440.833984	38292.250000
3439.578125	38419.800781
3438.322266	38185.523438
3437.066406	38239.093750
3435.809570	38272.660156
3434.553711	38276.246094
3433.295898	38018.222656
3432.039063	38251.457031
3430.782227	38454.640625
3429.524414	38252.613281
3428.265625	38188.339844
3427.007813	38106.140625
3425.749023	38464.718750
3424.490234	38388.464844
3423.231445	38216.554688
3421.971680	38323.738281
3420.711914	38199.734375
3419.452148	38324.792969
3418.192383	37487.804688
3416.931641	38303.925781
3415.670898	38217.843750
3414.409180	38235.292969
3413.148438	38097.511719
3411.886719	38085.128906
3410.625000	38398.953125
3409.362305	38247.296875
3408.099609	37988.339844
3406.836914	38087.289063
3405.574219	38190.164063
3404.311523	38195.632813
3403.047852	37724.351563
3401.783203	38093.347656
3400.519531	38247.738281
3399.254883	38136.050781
3397.990234	38153.414063
3396.725586	37801.695313
3395.459961	37803.242188
3394.194336	38052.707031
3392.928711	37982.804688
3391.663086	37857.421875
3390.396484	37743.980469
3389.129883	37773.261719
3387.862305	37776.769531
3386.595703	37560.410156
3385.328125	37795.648438
3384.060547	37662.527344
3382.791992	37765.011719
3381.523438	37788.285156
3380.254883	37914.429688
3378.986328	37923.804688
3377.716797	37911.417969
3376.447266	37837.742188
3375.177734	37404.320313
3373.908203	37682.562500
3372.637695	37836.199219
3371.367188	37578.871094
3370.095703	37689.000000
3368.825195	37966.917969
3367.553711	37709.718750
3366.282227	37829.601563
3365.009766	37663.308594
3363.737305	37885.726563
3362.464844	37630.730469
3361.192383	37979.253906
3359.918945	37452.273438
3358.645508	37706.062500
3357.372070	37437.523438
3356.097656	37594.652344
3354.823242	37667.011719
3353.548828	37686.160156
3352.274414	37457.226563
3350.999023	37690.960938
3349.723633	37609.714844
3348.447266	37788.214844
3347.171875	37750.250000
3345.895508	37930.597656
3344.619141	37650.765625
3343.341797	37838.910156
3342.064453	37549.390625
3340.787109	37790.511719
3339.509766	37774.183594
3338.231445	37755.890625
3336.953125	37608.007813
3335.674805	37797.847656
3334.395508	37914.972656
3333.117188	37751.445313
3331.836914	37792.011719
3330.557617	37842.363281
3329.277344	37675.027344
3327.997070	37935.144531
3326.716797	37560.089844
3325.435547	37884.773438
3324.154297	37907.597656
3322.873047	37807.011719
3321.591797	38013.910156
3320.309570	37645.113281
3319.027344	37664.039063
3317.744141	37450.078125
3316.461914	37911.199219
3315.178711	37767.687500
3313.894531	38259.812500
3312.611328	37914.894531
3311.327148	37920.027344
3310.042969	38134.261719
3308.757813	38166.687500
3307.472656	38247.929688
3306.187500	37952.207031
3304.902344	37978.781250
3303.616211	38257.156250
3302.330078	38363.660156
3301.043945	37835.964844
3299.757813	37897.640625
3298.470703	37970.984375
3297.183594	38479.113281
3295.895508	37838.785156
3294.607422	37880.894531
3293.319336	38186.039063
3292.031250	37955.304688
3290.742188	37886.328125
3289.454102	37906.953125
3288.164063	38112.511719
3286.875000	38308.238281
3285.584961	38291.765625
3284.294922	38214.988281
3283.003906	38153.804688
3281.713867	38572.957031
3280.422852	38601.140625
3279.130859	38411.609375
3277.839844	38511.707031
3276.547852	38627.300781
3275.254883	38292.203125
3273.962891	38467.980469
3272.669922	38356.335938
3271.376953	38427.195313
3270.083008	38554.300781
3268.790039	38586.269531
3267.496094	38528.996094
3266.201172	38555.128906
3264.907227	38445.531250
3263.612305	38448.402344
3262.316406	38476.464844
3261.021484	39047.019531
3259.725586	39024.558594
3258.429688	38821.996094
3257.132813	38600.156250
3255.836914	38643.617188
3254.540039	38716.082031
3253.242188	38426.687500
3251.945313	38681.000000
3250.647461	38681.835938
3249.348633	38541.515625
3248.050781	38695.093750
3246.751953	38688.179688
3245.453125	38855.171875
3244.153320	38875.261719
3242.853516	38402.847656
3241.553711	38579.429688
3240.253906	38586.042969
3238.953125	39165.867188
3237.652344	38593.464844
3236.351563	38704.230469
3235.049805	38625.933594
3233.748047	38929.457031
3232.446289	38631.363281
3231.143555	38745.859375
3229.840820	38939.300781
3228.538086	38751.207031
3227.235352	38900.253906
3225.931641	38408.000000
3224.627930	38861.222656
3223.324219	38875.394531
3222.019531	38824.132813
3220.714844	38455.457031
3219.410156	38548.562500
3218.104492	38860.835938
3216.798828	38798.070313
3215.493164	38537.359375
3214.186523	38486.218750
3212.879883	38681.011719
3211.573242	38497.320313
3210.266602	38572.953125
3208.958984	38589.031250
3207.651367	38370.929688
3206.343750	38901.320313
3205.035156	38648.703125
3203.726563	38722.273438
3202.417969	38734.441406
3201.108398	38988.164063
3199.798828	38503.816406
3198.489258	38659.738281
3197.178711	38635.488281
3195.868164	38649.558594
3194.557617	38537.226563
3193.247070	38714.035156
3191.935547	38684.039063
3190.624023	38587.074219
3189.311523	38421.273438
3188.000000	38508.031250
3186.687500	38610.042969
3185.374023	38704.355469
3184.061523	38544.394531
3182.748047	38833.593750
3181.433594	38935.421875
3180.120117	38626.515625
3178.805664	38489.625000
3177.491211	38547.535156
3176.175781	38548.148438
3174.860352	38535.398438
3173.544922	38417.714844
3172.229492	38322.972656
3170.913086	38468.554688
3169.596680	38204.148438
3168.280273	38079.011719
3166.962891	38497.050781
3165.645508	38141.359375
3164.327148	38364.890625
3163.009766	38291.234375
3161.691406	38257.585938
3160.373047	38427.625000
3159.053711	38199.843750
3157.734375	38238.531250
3156.415039	38029.914063
3155.094727	38329.144531
3153.774414	38472.332031
3152.454102	38387.347656
3151.133789	38195.976563
3149.812500	38261.183594
3148.491211	38446.023438
3147.168945	38425.675781
3145.847656	38185.089844
3144.525391	38210.359375
3143.202148	38021.167969
3141.879883	38207.726563
3140.556641	37961.710938
3139.232422	38425.062500
3137.909180	38349.742188
3136.584961	38318.046875
3135.259766	38278.781250
3133.935547	38101.222656
3132.610352	38338.570313
3131.285156	38212.203125
3129.958984	38292.261719
3128.632813	38211.382813
3127.306641	38138.109375
3125.980469	38085.675781
3124.653320	38530.742188
3123.326172	38192.679688
3121.998047	38406.839844
3120.670898	38242.855469
3119.341797	38426.660156
3118.013672	38582.035156
3116.684570	38427.558594
3115.355469	38021.984375
3114.026367	38128.242188
3112.696289	38164.609375
3111.366211	38350.039063
3110.036133	38197.660156
3108.705078	38411.277344
3107.374023	38159.000000
3106.042969	38368.750000
3104.711914	38026.117188
3103.379883	38603.261719
3102.046875	38417.097656
3100.714844	37775.195313
3099.381836	38568.539063
3098.048828	38316.609375
3096.714844	38422.421875
3095.380859	38104.777344
3094.046875	38282.074219
3092.712891	38380.285156
3091.377930	38237.742188
3090.042969	38454.351563
3088.707031	38668.976563
3087.372070	38744.437500
3086.036133	38821.734375
3084.699219	38698.019531
3083.362305	38486.101563
3082.025391	38495.808594
3080.688477	38757.015625
3079.350586	38629.660156
3078.012695	38821.292969
3076.674805	38397.628906
3075.335938	38506.707031
3073.997070	38604.484375
3072.658203	38252.382813
3071.318359	38573.148438
3069.978516	38638.980469
3068.638672	38657.953125
3067.298828	38851.054688
3065.958008	38817.539063
3064.616211	38529.496094
3063.275391	38879.660156
3061.933594	38198.867188
3060.591797	38634.972656
3059.249023	38831.519531
3057.906250	38805.511719
3056.563477	38779.507813
3055.219727	38660.085938
3053.876953	38996.535156
3052.532227	38942.480469
3051.188477	38776.410156
3049.843750	38362.136719
3048.499023	38502.355469
3047.153320	38666.761719
3045.808594	38532.609375
3044.461914	38769.656250
3043.116211	38766.058594
3041.769531	38643.152344
3040.422852	38730.898438
3039.076172	38647.175781
3037.728516	39086.937500
3036.380859	38921.222656
3035.032227	38828.195313
3033.683594	38508.109375
3032.334961	38673.898438
3030.986328	38754.019531
3029.636719	38675.984375
3028.287109	38663.074219
3026.937500	38726.390625
3025.586914	38384.457031
3024.236328	38754.433594
3022.885742	38442.371094
3021.534180	38373.785156
3020.182617	38477.933594
3018.830078	38708.273438
3017.478516	38780.730469
3016.125977	38480.144531
3014.772461	38689.902344
3013.419922	38461.812500
3012.066406	38341.386719
3010.711914	38398.988281
3009.358398	38588.160156
3008.003906	38313.968750
3006.648438	38475.273438
3005.292969	38395.710938
3003.937500	38445.804688
3002.582031	38362.578125
3001.225586	38597.734375
2999.869141	38325.757813
2998.512695	38344.355469
2997.155273	38159.492188
2995.797852	38292.753906
2994.440430	38398.218750
2993.082031	38211.613281
2991.723633	38202.476563
2990.365234	38200.734375
2989.005859	38106.640625
2987.646484	38237.851563
2986.287109	37961.035156
2984.926758	38249.082031
2983.566406	38302.660156
2982.206055	37607.273438
2980.844727	38323.050781
2979.483398	38158.992188
2978.122070	38118.515625
2976.759766	37949.046875
2975.397461	38015.492188
2974.035156	38087.429688
2972.671875	37973.328125
2971.308594	37960.539063
2969.945313	37980.882813
2968.581055	37894.480469
2967.216797	38201.832031
2965.852539	38135.644531
2964.487305	38347.160156
2963.122070	38069.531250
2961.756836	38089.796875
2960.390625	38486.757813
2959.024414	38128.449219
2957.658203	38045.820313
2956.291016	38117.468750
2954.923828	38271.695313
2953.556641	38209.265625
2952.188477	38374.398438
2950.820313	38042.292969
2949.452148	38245.890625
2948.083008	38295.363281
2946.713867	38544.621094
2945.343750	38144.968750
2943.974609	38570.039063
2942.604492	38465.492188
2941.233398	38322.531250
2939.862305	38430.480469
2938.491211	38239.992188
2937.120117	38585.816406
2935.748047	38614.933594
2934.375977	38724.523438
2933.003906	38228.726563
2931.630859	38585.171875
2930.257813	38500.917969
2928.883789	38407.562500
2927.509766	38675.996094
2926.135742	38617.339844
2924.761719	38841.757813
2923.386719	38828.726563
2922.011719	38810.218750
2920.635742	38744.273438
2919.260742	38866.261719
2917.883789	38820.386719
2916.507813	38439.011719
2915.130859	38712.289063
2913.753906	38362.097656
2912.375977	38684.449219
2910.998047	38536.636719
2909.620117	38501.812500
2908.242188	38508.882813
2906.863281	38778.078125
2905.483398	38570.312500
2904.104492	38631.929688
2902.724609	38960.917969
2901.344727	38916.925781
2899.963867	39267.496094
2898.583008	38798.085938
2897.202148	38935.878906
2895.820313	38726.582031
2894.438477	38907.914063
2893.056641	38876.683594
2891.673828	38801.890625
2890.291016	38857.816406
2888.908203	39051.628906
2887.524414	38644.832031
2886.140625	39400.867188
2884.755859	39128.359375
2883.372070	39136.984375
2881.987305	39011.476563
2880.601563	38909.582031
2879.215820	39068.601563
2877.830078	39307.230469
2876.444336	39221.625000
2875.057617	39145.105469
2873.670898	38786.289063
2872.283203	39167.675781
2870.895508	39178.042969
2869.507813	38871.914063
2868.120117	38978.167969
2866.731445	39147.632813
2865.342773	39219.421875
2863.953125	39184.574219
2862.563477	39155.156250
2861.173828	38840.425781
2859.783203	38980.808594
2858.392578	38769.148438
2857.001953	38801.203125
2855.610352	38656.433594
2854.218750	38340.382813
2852.827148	38924.289063
2851.434570	38786.792969
2850.041992	39013.433594
2848.649414	38670.558594
2847.255859	38657.515625
2845.862305	38259.054688
2844.467773	38518.000000
2843.073242	38549.992188
2841.678711	38477.585938
2840.284180	38541.953125
2838.888672	38613.480469
2837.493164	38343.273438
2836.096680	38707.871094
2834.700195	38484.503906
2833.303711	38633.230469
2831.906250	38259.066406
2830.509766	38680.789063
2829.111328	38419.917969
2827.713867	38424.875000
2826.315430	38113.933594
2824.916016	38120.750000
2823.517578	37951.750000
2822.118164	38290.398438
2820.717773	38125.019531
2819.317383	38228.613281
2817.916992	38081.242188
2816.516602	38415.933594
2815.115234	38171.847656
2813.713867	38327.250000
2812.311523	38244.441406
2810.909180	38013.093750
2809.506836	38130.828125
2808.104492	38262.812500
2806.701172	37960.074219
2805.296875	37648.535156
2803.893555	38139.886719
2802.489258	38062.597656
2801.084961	37971.050781
2799.679688	37652.652344
2798.274414	38041.699219
2796.868164	37746.644531
2795.462891	37994.437500
2794.056641	38186.773438
2792.649414	38066.757813
2791.242188	37911.117188
2789.834961	37983.828125
2788.427734	38270.464844
2787.019531	38145.179688
2785.611328	38219.550781
2784.202148	38067.609375
2782.792969	37962.046875
2781.383789	38296.398438
2779.973633	37925.550781
2778.563477	37994.523438
2777.153320	38244.972656
2775.742188	38313.824219
2774.331055	38553.390625
2772.918945	38543.886719
2771.507813	38088.167969
2770.095703	38300.941406
2768.682617	38252.402344
2767.269531	38074.207031
2765.856445	37967.132813
2764.442383	38016.355469
2763.028320	38335.371094
2761.614258	38279.765625
2760.200195	38321.769531
2758.785156	38173.949219
2757.369141	38655.742188
2755.953125	38148.000000
2754.537109	38106.671875
2753.121094	38394.960938
2751.704102	38171.105469
2750.287109	38004.035156
2748.869141	38051.300781
2747.452148	38208.300781
2746.033203	38301.503906
2744.615234	38467.203125
2743.196289	38526.675781
2741.777344	38342.054688
2740.357422	38226.480469
2738.937500	38506.914063
2737.516602	38449.667969
2736.096680	38196.328125
2734.675781	38363.503906
2733.253906	38380.488281
2731.832031	38270.347656
2730.410156	38511.503906
2728.988281	38191.386719
2727.565430	38280.714844
2726.141602	38183.035156
2724.718750	38282.894531
2723.294922	38105.929688
2721.870117	38625.203125
2720.446289	38377.753906
2719.021484	38694.117188
2717.595703	38397.453125
2716.169922	38151.992188
2714.744141	38216.449219
2713.318359	38365.343750
2711.891602	38178.121094
2710.463867	37903.042969
2709.037109	38470.410156
2707.609375	38694.671875
2706.181641	38338.804688
2704.752930	38176.402344
2703.324219	38135.292969
2701.894531	38255.777344
2700.464844	38390.246094
2699.035156	38442.136719
2697.605469	38218.464844
2696.174805	38093.156250
2694.744141	38473.093750
2693.312500	38203.972656
2691.880859	38350.503906
2690.449219	38095.562500
2689.016602	38042.265625
2687.583984	38125.644531
2686.150391	37846.417969
2684.717773	38423.597656
2683.283203	38550.574219
2681.849609	38206.679688
2680.415039	38393.128906
2678.980469	38077.429688
2677.544922	38115.156250
2676.109375	38117.890625
2674.673828	38566.363281
2673.237305	38072.664063
2671.800781	38220.410156
2670.363281	38221.351563
2668.925781	38105.292969
2667.488281	38294.804688
2666.050781	38147.359375
2664.612305	38186.695313
2663.172852	38042.828125
2661.734375	38082.164063
2660.294922	38048.238281
2658.854492	37787.710938
2657.414063	38051.882813
2655.973633	37974.421875
2654.533203	38062.476563
2653.091797	37925.835938
2651.650391	38118.312500
2650.208008	38004.343750
2648.765625	38036.601563
2647.323242	38296.746094
2645.879883	37794.941406
2644.436523	38136.734375
2642.992188	38261.050781
2641.547852	37763.097656
2640.103516	38271.433594
2638.659180	38319.175781
2637.213867	38285.265625
2635.767578	38077.746094
2634.321289	38628.875000
2632.875000	38244.351563
2631.428711	38271.203125
2629.981445	38079.488281
2628.534180	38467.046875
2627.085938	38282.304688
2625.637695	38395.765625
2624.189453	37933.882813
2622.740234	38302.015625
2621.291016	38242.183594
2619.841797	38346.863281
2618.391602	38377.054688
2616.941406	38412.421875
2615.490234	38219.378906
2614.040039	38043.730469
2612.587891	38260.714844
2611.136719	38154.292969
2609.684570	38255.328125
2608.231445	37869.015625
2606.778320	38054.714844
2605.325195	38131.507813
2603.872070	38054.585938
2602.417969	38176.214844
2600.962891	38050.988281
2599.508789	38357.167969
2598.053711	38150.875000
2596.597656	38036.085938
2595.142578	38202.375000
2593.685547	38039.359375
2592.229492	38481.269531
2590.772461	38077.066406
2589.315430	38165.656250
2587.857422	38331.687500
2586.399414	37824.523438
2584.941406	38193.632813
2583.482422	38196.058594
2582.023438	37940.449219
2580.563477	37944.648438
2579.103516	38139.687500
2577.643555	37968.500000
2576.182617	38013.921875
2574.721680	38047.289063
2573.260742	38360.605469
2571.798828	38328.609375
2570.336914	37860.578125
2568.874023	38074.148438
2567.411133	38563.855469
2565.948242	38238.488281
2564.484375	37861.832031
2563.020508	37792.269531
2561.556641	38125.554688
2560.091797	38121.070313
2558.626953	37989.804688
2557.161133	37918.550781
2555.695313	37807.941406
2554.229492	38019.234375
2552.762695	37918.917969
2551.295898	38294.335938
2549.829102	38120.433594
2548.361328	37987.664063
2546.892578	37812.210938
2545.424805	38004.355469
2543.956055	37839.234375
2542.486328	37674.191406
2541.017578	37821.804688
2539.547852	37528.769531
2538.077148	37836.816406
2536.606445	37711.183594
2535.135742	37771.597656
2533.664063	37760.332031
2532.192383	37629.687500
2530.720703	37611.632813
2529.248047	37625.976563
2527.775391	37592.585938
2526.301758	37177.574219
2524.828125	37502.007813
2523.354492	37850.113281
2521.879883	37418.312500
2520.405273	37618.179688
2518.929688	37555.894531
2517.455078	37922.332031
2515.978516	37240.929688
2514.502930	37573.246094
2513.026367	37871.394531
2511.548828	37511.703125
2510.071289	37548.062500
2508.593750	37494.371094
2507.116211	37663.164063
2505.637695	37628.140625
2504.158203	37564.277344
2502.679688	37807.574219
2501.200195	37809.847656
2499.719727	37503.449219
2498.239258	37665.179688
2496.758789	37662.390625
2495.277344	38081.585938
2493.795898	38002.445313
2492.314453	38031.746094
2490.832031	37581.796875
2489.349609	37655.199219
2487.867188	37733.640625
2486.383789	37532.839844
2484.899414	37719.531250
2483.415039	37457.941406
2481.930664	37696.968750
2480.446289	37472.699219
2478.960938	37447.957031
2477.475586	37656.378906
2475.989258	37717.738281
2474.502930	37578.109375
2473.016602	37443.617188
2471.529297	37452.648438
2470.041992	37190.007813
2468.553711	37544.917969
2467.065430	37678.710938
2465.577148	37610.101563
2464.087891	37590.406250
2462.598633	37879.117188
2461.108398	37527.449219
2459.618164	37398.296875
2458.127930	37752.496094
2456.636719	37811.898438
2455.145508	37820.773438
2453.654297	37652.957031
2452.162109	37503.730469
2450.669922	37605.164063
2449.176758	37644.332031
2447.683594	37701.968750
2446.189453	37542.781250
2444.696289	37529.843750
2443.201172	37767.175781
2441.707031	37675.253906
2440.211914	37534.687500
2438.715820	37583.847656
2437.220703	37488.675781
2435.723633	37383.484375
2434.227539	37204.550781
2432.730469	37491.816406
2431.233398	37458.769531
2429.735352	37301.730469
2428.237305	37324.031250
2426.738281	37394.886719
2425.239258	37318.347656
2423.740234	37611.820313
2422.240234	37255.753906
2420.740234	37390.128906
2419.240234	37546.171875
2417.739258	37673.707031
2416.238281	37214.312500
2414.736328	37315.113281
2413.234375	37200.289063
2411.731445	37142.320313
2410.229492	37089.386719
2408.725586	36951.316406
2407.222656	37137.175781
2405.718750	37059.242188
2404.213867	36981.343750
2402.708984	37177.046875
2401.204102	37072.468750
2399.699219	37047.968750
2398.193359	37206.824219
2396.686523	37115.640625
2395.179688	37101.132813
2393.672852	37141.589844
2392.166016	37463.425781
2390.658203	37332.300781
2389.149414	37114.699219
2387.641602	37451.257813
2386.131836	37360.148438
2384.623047	37129.390625
2383.113281	37096.589844
2381.603516	37077.101563
2380.092773	37016.078125
2378.582031	37229.187500
2377.070313	37259.496094
2375.558594	37357.859375
2374.046875	36943.230469
2372.534180	36888.941406
2371.021484	36837.988281
2369.507813	36861.707031
2367.994141	37159.023438
2366.480469	36819.562500
2364.965820	36947.671875
2363.451172	36770.824219
2361.936523	36887.277344
2360.420898	37038.445313
2358.904297	37192.843750
2357.388672	37027.683594
2355.872070	36995.000000
2354.354492	36987.140625
2352.836914	36856.886719
2351.319336	36627.480469
2349.800781	36854.464844
2348.282227	36899.527344
2346.763672	36695.058594
2345.244141	36558.421875
2343.723633	36857.843750
2342.204102	36970.539063
2340.682617	36654.003906
2339.162109	37027.417969
2337.640625	36288.683594
2336.119141	36681.785156
2334.596680	37081.273438
2333.074219	36743.671875
2331.550781	36749.042969
2330.027344	36578.105469
2328.503906	36550.562500
2326.979492	36910.035156
2325.455078	36826.437500
2323.930664	36872.910156
2322.405273	36692.269531
2320.878906	36579.171875
2319.353516	36494.085938
2317.826172	36790.511719
2316.299805	36822.121094
2314.772461	36585.835938
2313.245117	36765.343750
2311.716797	36593.246094
2310.188477	36728.316406
2308.659180	36615.410156
2307.129883	36212.050781
2305.600586	36740.917969
2304.070313	36493.570313
2302.540039	36649.792969
2301.008789	36851.843750
2299.477539	36470.234375
2297.946289	36514.898438
2296.414063	36451.402344
2294.881836	36271.644531
2293.348633	36345.789063
2291.815430	36339.675781
2290.282227	36364.660156
2288.748047	36756.136719
2287.213867	36476.734375
2285.678711	36787.843750
2284.143555	36374.500000
2282.607422	36061.074219
2281.072266	36305.039063
2279.535156	36305.457031
2277.999023	36322.203125
2276.460938	36082.578125
2274.923828	36706.628906
2273.385742	36612.269531
2271.847656	36407.007813
2270.308594	36213.269531
2268.769531	36184.332031
2267.229492	36085.304688
2265.689453	36149.308594
2264.149414	36242.609375
2262.608398	36399.390625
2261.067383	36210.820313
2259.526367	36128.175781
2257.984375	35985.343750
2256.441406	35832.820313
2254.898438	36145.671875
2253.355469	36235.527344
2251.812500	36164.351563
2250.268555	36106.210938
2248.723633	35896.953125
2247.178711	36279.234375
2245.633789	36323.437500
2244.087891	36343.257813
2242.541992	36192.585938
2240.996094	36368.242188
2239.449219	36391.269531
2237.902344	36208.246094
2236.354492	36075.593750
2234.806641	35891.121094
2233.257813	36327.601563
2231.708984	36015.121094
2230.160156	36056.003906
2228.610352	36048.269531
2227.060547	36111.789063
2225.509766	36133.175781
2223.958984	35782.292969
2222.408203	36201.800781
2220.856445	36250.640625
2219.304688	36438.535156
2217.751953	36343.382813
2216.199219	36106.031250
2214.645508	36022.320313
2213.092773	36066.277344
2211.538086	36171.585938
2209.983398	36423.781250
2208.428711	35907.417969
2206.874023	36224.097656
2205.318359	36243.730469
2203.761719	36132.687500
2202.206055	35995.898438
2200.648438	35978.480469
2199.091797	36049.718750
2197.534180	36178.929688
2195.975586	36103.472656
2194.416992	36185.886719
2192.858398	36469.519531
2191.298828	36476.132813
2189.739258	36247.781250
2188.179688	36513.468750
2186.619141	36436.417969
2185.057617	36278.996094
2183.497070	36239.011719
2181.934570	36576.738281
2180.373047	36175.164063
2178.810547	36448.468750
2177.247070	36548.187500
2175.683594	36082.699219
2174.120117	36482.609375
2172.555664	36193.894531
2170.991211	36521.367188
2169.426758	36266.464844
2167.861328	36279.468750
2166.295898	36571.386719
2164.729492	36321.468750
2163.163086	36137.367188
2161.595703	36055.871094
2160.028320	36198.605469
2158.459961	36602.214844
2156.892578	36118.921875
2155.323242	36211.914063
2153.754883	35764.160156
2152.184570	36074.691406
2150.615234	36385.054688
2149.044922	36015.917969
2147.473633	36209.476563
2145.903320	36339.023438
2144.331055	36537.179688
2142.759766	36284.941406
2141.187500	36478.210938
